0.755298342
0.755298342
0.755298342
0.751098376
0.751098376
0.702628044
0.702628044
0.702628044
0.702628044
0.676275853
0.676275853
0.676275853
0.676275853
0.676275853
0.676275853
0.676275853
0.676275853
0.676275853
0.676275853
0.676275853
0.676275853
0.676275853
0.676275853
0.676275853
0.676275853
0.676275853
0.676275853
0.657662649
0.657662649
0.657662649
0.657662649
0.657662649
0.656883853
0.656883853
0.656883691
0.656883691
0.656883691
0.656883691
0.656883691
0.656883691
0.656883691
0.656883691
0.656883691
0.656883691
0.656883691
0.656883691
0.656883691
0.656883691
0.656883691
0.656883691
0.656883691
0.656883691
0.656883691
0.653011228
0.653011228
0.653011228
0.653011228
0.653011228
0.653011228
0.653011228
0.653011228
0.653011228
0.653011228
0.653011228
0.653011228
0.653011228
0.653011228
0.653011228
0.653011228
0.653011228
0.653011228
0.653011228
0.653011228
0.653011228
0.653011228
0.653011228
0.653011228
0.653011228
0.653011228
0.653011228
0.653011228
0.653011228
0.653011228
0.653011228
0.649103258
0.649103258
0.649103258
0.649103258
0.649103258
0.649103258
0.649103258
0.649103258
0.649103258
0.649103258
0.649103258
0.649103258
0.649103258
0.649103258
0.649103258
0.649103258
0.649103258
0.648906347
0.648906347
0.648906347
0.648906347
0.648906347
0.648906347
0.648906347
0.648906347
0.648906347
0.648906347
0.648906347
0.648906347
0.648906347
0.648906347
0.648906347
0.648906347
0.648906347
0.648906347
0.648906347
0.648906347
0.648906347
0.648906347
0.648906347
0.648906347
0.648906347
0.648906347
0.648906347
0.64773085
0.64773085
0.64773085
0.64773085
0.64773085
0.64773085
0.64773085
0.64773085
0.64773085
0.64773085
0.64773085
0.64773085
0.64773085
0.64773085
0.64773085
0.64773085
0.647696813
0.647696813
0.647696813
0.647696813
0.647696813
0.647696813
0.647696813
0.647696813
0.647696813
0.647696813
0.647696813
0.647696813
0.647696813
0.647696813
0.647696813
0.647696813
0.647696813
0.647696813
0.647696813
0.647696813
0.647696813
0.647696813
0.647696813
0.647696813
0.647696813
0.647696813
0.647696813
0.647632081
0.647632081
0.647632081
0.647632081
0.647632081
0.647632081
0.647632081
0.647632081
0.647632081
0.647632081
0.647632081
0.647632081
0.647632081
0.647632081
0.647632081
0.647632081
0.647632081
0.647632081
0.647632081
0.647632081
0.647632081
0.647632081
0.606245584
0.606245584
0.606245584
0.606245584
0.606245584
0.606245584
0.601113107
0.581111919
0.581111919
0.581111919
0.581111919
0.581111919
0.581111919
0.581111919
0.581111919
0.581111919
0.581111919
0.581111919
0.517655311
0.517655311
0.517655311
0.517655311
0.517655311
0.51035761
0.51035761
0.51035761
0.509869552
0.509869552
0.509869552
0.509869552
0.509869552
0.509869552
0.509869552
0.491749472
0.491749472
0.491749472
0.491749472
0.474112222
0.474112222
0.474112222
0.474112222
0.474112222
0.474112222
0.474112222
0.474112222
0.474112222
0.474112222
0.474112222
0.474112222
0.474112222
0.474112222
0.474112222
0.474112222
0.474112222
0.474112222
0.474112222
0.473892809
0.473892809
0.473892809
0.473892809
0.473892809
0.473892809
0.473892809
0.473892809
0.473892809
0.473892809
0.473892809
0.473892809
0.473892809
0.473892809
0.473892809
0.473892809
0.473892809
0.473892809
0.473892809
0.473773961
0.473773961
0.473773961
0.473773961
0.473773961
0.473773961
0.473773961
0.473773961
0.473773961
0.473773961
0.473773961
0.473773961
0.473773961
0.473773961
0.473773961
0.473773961
0.473773961
0.473773961
0.473773961
0.473773961
0.473773961
0.473773961
0.473773961
0.473773961
0.473773961
0.473773961
0.473773961
0.473773961
0.473773961
0.473773961
0.473773961
0.473773961
0.473773961
0.473773961
0.473773961
0.473773961
0.473773961
0.473773961
0.473773961
0.473773961
0.473773961
0.473773961
0.473773961
0.473773961
0.473773961
0.473773961
0.473773961
0.473773961
0.473773961
0.473773961
0.459994946
0.459994946
0.459994946
0.459994946
0.459994946
0.459439815
0.459439815
0.459439815
0.459439815
0.459439815
0.459439815
0.459439815
0.459439815
0.459439815
0.459439815
0.459439815
0.459439815
0.459439815
0.459439815
0.459439815
0.459439815
0.459439815
0.459439815
0.459439815
0.459439815
0.459439815
0.459439815
0.459439815
0.459439815
0.459439815
0.459439815
0.459439815
0.459439815
0.459439815
0.459439815
0.459439815
0.459439815
0.459439815
0.459439815
0.459439815
0.459439815
0.459439815
0.459439815
0.459439815
0.459439815
0.459439815
0.459439815
0.459439815
0.459439815
0.459439815
0.459439815
0.459439815
0.459439815
0.459439815
0.459439815
0.459439815
0.459439815
0.459439815
0.459439815
0.459439815
0.459439815
0.459439815
0.459439815
0.459439815
0.459439815
0.459439815
0.459439815
0.459439815
0.459439815
0.459439815
0.459439815
0.459439815
0.459439815
0.459439815
0.459439815
0.459439815
0.459439815
0.459439815
0.459439815
0.459439815
0.459439815
0.459439815
0.459439815
0.459439815
0.459439815
0.459439815
0.459439815
0.459439815
0.459439815
0.459439815
0.459439815
0.459439815
0.459439815
0.459439815
0.459439815
0.459439815
0.459439815
0.459439815
0.459439815
0.459439815
0.459439815
0.459439815
0.459439815
0.459439815
0.459439815
0.459439815
0.459439815
0.459439815
0.459439815
0.459439815
0.459439815
0.459439815
0.459439815
0.459439815
0.459439815
0.459439815
0.459439815
0.459439815
0.459439815
0.459439815
0.459439815
0.459439815
0.459439815
0.459439815
0.459439815
0.459439815
0.459439815
0.459439815
0.459439815
0.459439815
0.459439815
0.459439815
0.459439815
0.459439815
0.459439815
0.459439815
0.459439815
0.459439815
0.459439815
0.459439815
0.459439815
0.459439815
0.459439767
0.459439767
0.459439767
0.459439767
0.459439767
0.459439767
0.459439767
0.459439767
0.459439767
0.459439767
0.459439767
0.459439767
0.459439767
0.459439767
0.459439767
0.459439767
0.459439767
0.459439767
0.459439767
0.459439767
0.459439767
0.459439767
0.459439767
0.459439767
0.459439767
0.459439767
0.459439767
0.459439767
0.459439767
0.459439767
0.459439767
0.459439767
0.459439767
0.459439767
0.459439767
0.459439767
0.459439767
0.459439767
0.459439767
0.459439767
0.459439767
0.459439767
0.459439767
0.459439767
0.459439767
0.459439767
0.459439767
0.459439767
0.459439767
0.459439767
0.459439767
0.459439767
0.459439767
0.459439767
0.459439767
0.459439767
0.459439767
0.459439767
0.459439767
0.459439767
0.459439767
0.459439767
0.459439767
0.459439767
0.459439767
0.459439767
0.459439767
0.459439767
0.459439767
0.459439767
0.459439767
0.459439767
0.459439767
0.459439767
0.459439767
0.459439767
0.459439767
0.459439767
0.459439767
0.449336785
0.449336785
0.449336785
0.449336785
0.449336785
0.449336785
0.449336785
0.449336785
0.449336785
0.449336785
0.449336785
0.449336785
0.449336785
0.449336785
0.449336785
0.449336785
0.449336785
0.449336785
0.449336785
0.449336785
0.449336785
0.449336785
0.449336785
0.449336785
0.449336785
0.449336785
0.449336785
0.449336785
0.449333943
0.449333943
0.449333943
0.449333943
0.449333943
0.449333943
0.449333943
0.449331095
0.449331095
0.449331095
0.449331095
0.449331095
0.449331095
0.449331095
0.449331095
0.449331095
0.449331095
0.449331095
0.449331095
0.449331095
0.449331095
0.449331095
0.449331095
0.449331095
0.449331095
0.449331095
0.449331095
0.449331095
0.449331095
0.449331095
0.449331095
0.449331095
0.449331095
0.449331095
0.449331095
0.449331095
0.449331095
0.449331095
0.449331095
0.449331095
0.449331095
0.449331095
0.449331095
0.449331095
0.449331085
0.449331085
0.449331085
0.449331085
0.449331085
0.449331085
0.449331085
0.449331085
0.449331085
0.449331085
0.449331085
0.449331085
0.449331085
0.449331085
0.449331085
0.449331085
0.449331085
0.449331085
0.449331085
0.449331085
0.449331085
0.449331085
0.449331085
0.449331085
0.449331085
0.449331085
0.449331085
0.449331085
0.449331085
0.449331085
0.449331085
0.449331085
0.449331085
0.449331085
0.449331085
0.449331085
0.449331085
0.351401952
0.351401952
0.300833485
0.300833485
0.300833485
0.300833485
0.300833485
0.300833485
0.300833485
0.300833485
0.300833485
0.300833485
0.300833485
0.300833485
0.300833485
0.300833485
0.297949546
0.297949546
0.297949546
0.297949546
0.297949546
0.297949546
0.297949546
0.297949546
0.297949315
0.297949315
0.297949315
0.297949315
0.297949315
0.297949315
0.297949315
0.297949315
0.297949315
0.297949315
0.297949315
0.297949315
0.297949315
0.297930511
0.297930511
0.297930511
0.297930511
0.297930511
0.297930511
0.297930511
0.297930511
0.297930511
0.297930511
0.297930511
0.297930511
0.297930511
0.297930511
0.297930511
0.297930511
0.297930511
0.297930511
0.297930511
0.297930511
0.297930511
0.297930511
0.297930511
0.297930511
0.297930511
0.297930511
0.297930511
0.297930511
0.297930511
0.297930511
0.297930511
0.297930511
0.297930511
0.297930511
0.297930511
0.297930511
0.297930511
0.297930511
0.297930511
0.297930511
0.297930511
0.297930511
0.297930511
0.297930511
0.297930511
0.297930511
0.297930511
0.297930511
0.297930511
0.297930511
0.297930511
0.297930511
0.297930511
0.297930511
0.297930511
0.297930511
0.297930511
0.297930511
0.297930511
0.297930511
0.297930511
0.297930511
0.297930511
0.297930511
0.297930511
0.297930511
0.297930511
0.297930511
0.297930511
0.297930511
0.297930511
0.297930511
0.297930511
0.297930511
0.297930511
0.297930511
0.297930511
0.297930511
0.297930511
0.297930511
0.297930511
0.297930511
0.297930511
0.297930511
0.297930511
0.297930511
0.297930511
0.297930511
0.297930511
0.297930511
0.297930511
0.297930511
0.297930511
0.297930511
0.297930511
0.297930511
0.297930511
0.297930511
0.297930511
0.297930511
0.297930511
0.297930511
0.297930511
0.297930511
0.297930511
0.297930511
0.297930511
0.297930511
0.297930511
0.297930511
0.297930511
0.297930511
0.297930511
0.297930511
0.297930511
0.297930511
0.297930511
0.297930511
0.297930511
0.297930511
0.297930511
0.297930511
0.297930511
0.297930511
0.297930511
0.297930511
0.297930511
0.297930511
0.297930511
0.297930511
0.297930511
0.297930511
0.297930511
0.297930511
0.297930511
0.297930511
0.297930511
0.297930511
0.297930511
0.297930511
0.297930511
0.297930511
0.297930511
0.297930511
0.297930511
0.297930511
0.297930511
0.297930511
0.297930511
0.297930511
0.297930511
0.297930511
0.297930511
0.293193836
0.293193836
0.293193836
0.293193836
0.293193836
0.293193836
0.293193836
0.293193836
0.293193836
0.293193836
0.293193836
0.293193836
0.293193836
0.293193836
0.293193836
0.293193836
0.293193836
0.293193836
0.293193836
0.293193836
0.293193836
0.293193836
0.293193836
0.293193836
0.293193836
0.293193836
0.293193836
0.293193836
0.293193836
0.293193836
0.293193836
0.293193836
0.293193836
0.290521642
0.290521642
0.289446667
0.289446667
0.289446667
0.289446667
0.289446667
0.289446667
0.289446667
0.289446667
0.289446667
0.289446667
0.289446667
0.289155912
0.289155912
0.289155912
0.289155912
0.289155912
0.289155912
0.289155912
0.289155912
0.289155912
0.289155912
0.289155912
0.289155912
0.289155912
0.289155912
0.289155912
0.285619524
0.285619524
0.285619524
0.285619524
0.285619524
0.285619524
0.285619524
0.285619524
0.285619524
0.285619524
0.285619524
0.285619524
0.285619524
0.285619524
0.285619524
0.285619524
0.285619524
0.285619524
0.285619524
0.285619524
0.285619524
0.285619524
0.285253378
0.285253378
0.285243032
0.285243032
0.285243032
0.285243032
0.285243032
0.285243032
0.285243032
0.285243032
0.285243032
0.285243032
0.285243032
0.285243032
0.274965984
0.274965984
0.274965984
0.274965984
0.274965984
0.274965984
0.274965984
0.274965984
0.274965984
0.274965984
0.274965984
0.274965984
0.274965984
0.274965984
0.274965984
0.274965984
0.274965984
0.274965984
0.274965984
0.274965984
0.253430453
0.253430453
0.253351533
0.253351533
0.253351533
0.253351533
0.253351533
0.253351533
0.253351533
0.253351533
0.253350695
0.24685561
0.24685561
0.245749788
0.245749788
0.245749788
0.244614368
0.244614368
0.244614368
0.244456267
0.244212524
0.244212524
0.244212524
0.243759524
0.243759524
0.243759524
0.243759524
0.243759524
0.243759524
0.243759524
0.243759524
0.243759524
0.243759524
0.243759524
0.243759524
0.243485352
0.243485352
0.243485352
0.243485352
0.243485352
0.243485352
0.243485352
0.243485352
0.243267075
0.243267075
