0.673554094
0.673554094
0.673554094
0.661288766
0.661288766
0.645521988
0.645521988
0.638247152
0.638247152
0.638247152
0.638247152
0.638096827
0.638096827
0.636013201
0.636013201
0.636013201
0.636013201
0.636013201
0.636013201
0.636013201
0.636013201
0.636013201
0.628141728
0.628141728
0.628141728
0.628141728
0.628141728
0.628141728
0.620292221
0.620292221
0.620292221
0.620292221
0.620292221
0.620292221
0.619840635
0.619840635
0.619840635
0.619840635
0.619840635
0.619840635
0.616578097
0.616578097
0.616578097
0.616578097
0.61554642
0.61554642
0.61554642
0.61554642
0.61554642
0.61554642
0.615088983
0.591556326
0.591556326
0.591556326
0.591556326
0.591556326
0.591556326
0.591556326
0.591556326
0.439206664
0.439206664
0.439206664
0.439206664
0.423025581
0.423025581
0.423025581
0.423025581
0.423025581
0.423025581
0.423025581
0.423025581
0.423025581
0.423025581
0.423025581
0.423025581
0.423025581
0.423025581
0.423025581
0.423025581
0.423025581
0.423025581
0.423025581
0.423025581
0.423025581
0.423025581
0.423025581
0.423025581
0.423025581
0.423025581
0.423025581
0.423025581
0.423025581
0.423025581
0.423025581
0.423025581
0.423025581
0.423025581
0.423025581
0.423025581
0.423025581
0.423025581
0.423025581
0.423025581
0.423025581
0.423025581
0.422277597
0.422277597
0.422277597
0.422277597
0.422277597
0.422277597
0.422277597
0.422277597
0.422277597
0.422277597
0.422277597
0.422277597
0.422277597
0.422277597
0.422277597
0.422277597
0.422277597
0.422277597
0.422277597
0.422277597
0.422277597
0.422277597
0.422277597
0.422277597
0.422277597
0.422277597
0.422277597
0.422277597
0.422277597
0.422277597
0.422277597
0.422277597
0.422277597
0.422277597
0.422277597
0.422277597
0.422277597
0.422277597
0.422277597
0.422277597
0.422277597
0.422277597
0.422277597
0.422277597
0.422277597
0.422277597
0.422277597
0.422277597
0.422277597
0.422277597
0.422277597
0.422277597
0.422277597
0.366384255
0.366384255
0.366384255
0.366384255
0.366384255
0.366384255
0.366384255
0.366384255
0.366384255
0.366384255
0.366384255
0.366384255
0.366384255
0.366384255
0.366384255
0.366384255
0.366384255
0.366384255
0.366384255
0.366384255
0.366384255
0.366384255
0.366384255
0.366384255
0.366384255
0.366384255
0.366384255
0.366384255
0.366384255
0.366384255
0.366384255
0.366384255
0.366384255
0.366384255
0.366384255
0.366384255
0.366384255
0.366384255
0.364182271
0.364182271
0.364182271
0.364182271
0.364182271
0.364182271
0.364182271
0.364182271
0.364182271
0.364182271
0.364182271
0.364182271
0.364182271
0.364182271
0.364182271
0.364182271
0.364182271
0.364182271
0.364182271
0.364182271
0.364182271
0.364182271
0.364182271
0.364182271
0.364182271
0.362418168
0.362418168
0.362418168
0.362418168
0.362418168
0.362418168
0.362418168
0.362418168
0.362418168
0.362418168
0.362418168
0.362418168
0.362418168
0.362418168
0.362418168
0.362418168
0.362389415
0.362389415
0.362389415
0.362389415
0.362389415
0.362389415
0.358884729
0.358884729
0.358884729
0.358884729
0.358884729
0.358539491
0.358539491
0.358539491
0.358539491
0.358539491
0.358539491
0.358539491
0.358539491
0.358539491
0.358539491
0.358539491
0.358539491
0.358539491
0.357776067
0.357776067
0.357776067
0.357776067
0.357776067
0.357776067
0.357776067
0.357776067
0.357776067
0.357776067
0.357776067
0.357776067
0.357776067
0.357776067
0.357776067
0.357776067
0.357634685
0.357634685
0.357634685
0.357634685
0.357634685
0.357634685
0.357634685
0.357634685
0.357634685
0.357634685
0.357634685
0.357634685
0.357634685
0.357634685
0.357634685
0.357634685
0.357634685
0.357634685
0.357634685
0.357634685
0.357634685
0.357634685
0.357634685
0.357634685
0.357634685
0.357634685
0.357634685
0.357634685
0.357634685
0.357634685
0.357634685
0.357634685
0.357634685
0.357634685
0.357319242
0.357319242
0.357319242
0.357319242
0.357319242
0.357319242
0.357319242
0.357319242
0.357319242
0.357319242
0.357319242
0.357319242
0.357319242
0.357319242
0.357319242
0.357319242
0.357319242
0.357319242
0.357319242
0.357319242
0.357319242
0.357319242
0.357319242
0.357319242
0.357319242
0.357319242
0.357319242
0.357319242
0.357319242
0.357319242
0.357319242
0.357319242
0.357319242
0.357319242
0.357319242
0.357319242
0.357319242
0.357319242
0.357319242
0.357319242
0.357319242
0.357319242
0.357319242
0.357319242
0.357319242
0.357319242
0.357319242
0.315314404
0.315314404
0.315314404
0.315314404
0.315314404
0.315314404
0.315314404
0.315314404
0.31447702
0.31447702
0.307601243
0.30752054
0.30752054
0.30752054
0.306496008
0.306496008
0.306496008
0.306496008
0.306496008
0.306496008
0.306496008
0.306496008
0.306496008
0.306496008
0.306496008
0.30333135
0.30333135
0.30333135
0.30333135
0.30333135
0.30333135
0.30333135
0.30333135
0.302181265
0.302181265
0.302181265
0.302181265
0.302181265
0.302181265
0.302181265
0.302181265
0.293439082
0.293439082
0.293439082
0.293439082
0.293439082
0.293439082
0.293439082
0.293439082
0.293439082
0.293439082
0.292612256
0.292612256
0.292612256
0.292612256
0.292612256
0.292612256
0.292612256
0.292612256
0.292612256
0.292612256
0.292612256
0.292612256
0.292612256
0.292612256
0.28900468
0.28900468
0.28900468
0.28900468
0.28900468
0.28900468
0.28900468
0.28900468
0.28900468
0.28900468
0.28900468
0.28900468
0.28900468
0.28900468
0.28900468
0.28900468
0.28900468
0.28900468
0.28900468
0.28900468
0.28900468
0.28900468
0.28900468
0.28900468
0.28900468
0.28900468
0.28900468
0.28900468
0.28900468
0.28900468
0.28900468
0.28900468
0.28900468
0.28900468
0.28900468
0.28900468
0.28900468
0.28900468
0.284831568
0.284831568
0.284831568
0.284831568
0.284831568
0.284831568
0.284831568
0.284831568
0.284831568
0.284831568
0.277056405
0.277056405
0.277056405
0.277056405
0.277056405
0.277056405
0.277056405
0.277056405
0.277056405
0.277056405
0.277056405
0.277056405
0.277056405
0.277056405
0.277056405
0.277056405
0.277056405
0.277056405
0.277056405
0.277056405
0.277056405
0.277056405
0.277056405
0.277056405
0.277056405
0.277056405
0.277056405
0.277056405
0.277056405
0.277056405
0.277056405
0.277056405
0.277056405
0.277056405
0.277056405
0.277056405
0.277056405
0.277056405
0.277056405
0.277056405
0.277056405
0.277056405
0.277056405
0.277056405
0.277056405
0.277056405
0.276521578
0.276521578
0.276521578
0.276521578
0.276521578
0.276521578
0.276521578
0.276521578
0.276521578
0.276521578
0.276521578
0.276521578
0.276521578
0.276521578
0.276521578
0.276521578
0.276521578
0.276521578
0.276521578
0.276521578
0.276521578
0.257206659
0.257206659
0.257206659
0.257206659
0.257206659
0.257206659
0.257206659
0.257206659
0.257206659
0.257206659
0.257206659
0.257206659
0.257206659
0.257206659
0.257206659
0.257206659
0.257206659
0.257206659
0.257206659
0.257206659
0.257206659
0.257206659
0.257206659
0.257206659
0.257206659
0.257206659
0.257206659
0.257206659
0.257206659
0.257206659
0.257206659
0.257206659
0.257206659
0.257206659
0.257206659
0.257206659
0.257206659
0.257206659
0.257206659
0.257206659
0.257206659
0.257206659
0.257206659
0.257206659
0.257206659
0.257206659
0.257156095
0.253019301
0.249806612
0.249806612
0.249806612
0.249806612
0.249806612
0.249806612
0.249806612
0.249806612
0.249806612
0.249806612
0.249806612
0.249806612
0.249806612
0.249806612
0.249806612
0.249806612
0.249806612
0.249806612
0.249806612
0.249806612
0.249806612
0.249806612
0.249806612
0.249786569
0.248413649
0.248413649
0.248413649
0.248413649
0.248068873
0.248068873
0.248068873
0.248068873
0.248068873
0.248068873
0.248068873
0.248068873
0.248068873
0.248068873
0.248068873
0.248068873
0.248068873
0.248068873
0.248068873
0.248068873
0.248068873
0.248068873
0.248068873
0.248068873
0.248068873
0.248068873
0.248068873
0.248068873
0.248068873
0.248068873
0.248068873
0.248068873
0.248068873
0.248068873
0.248068873
0.248068873
0.248068873
0.248068873
0.248068873
0.248068873
0.248068873
0.248068873
0.229543361
0.229543361
0.229543361
0.229543361
0.229543361
0.229543361
0.229543361
0.229543361
0.229543361
0.229543361
0.229543361
0.229543361
0.229543361
0.229543361
0.228838563
0.228838563
0.228838563
0.228838563
0.228838563
0.228838563
0.228838563
0.228838563
0.228838563
0.228838563
0.228838563
0.228838563
0.228838563
0.228838563
0.228838563
0.228838563
0.228838563
0.228838563
0.228838563
0.213186442
0.213186442
0.213186442
0.213186442
0.213186442
0.213186442
0.213186442
0.213186442
0.213186442
0.213186442
0.213186442
0.213186442
0.213186442
0.213186442
0.213186442
0.213186442
0.213186442
0.213186442
0.213186442
0.213186442
0.213186442
0.213186442
0.213186442
0.213186442
0.213186442
0.213186442
0.213186442
0.213186442
0.213186442
0.213186442
0.213186442
0.213186442
0.213186442
0.213186442
0.213186442
0.213186442
0.213186442
0.213186442
0.213186442
0.213186442
0.213186442
0.213186442
0.213186442
0.213180685
0.213180685
0.213180685
0.213180685
0.213180685
0.213180685
0.213180685
0.213180685
0.213180685
0.213180685
0.213180685
0.213180685
0.213180685
0.213180685
0.213180685
0.213180685
0.213180685
0.213180685
0.213180685
0.213180685
0.213180685
0.213180685
0.213180685
0.213180685
0.213180685
0.213180685
0.213180685
0.213180685
0.213180685
0.213180685
0.213180685
0.213180685
0.213180685
0.213180685
0.213180685
0.213180685
0.213180685
0.213180685
0.213180685
0.213180685
0.213180685
0.213180685
0.213180685
0.213180685
0.213180685
0.213180685
0.213180685
0.213180685
0.213180685
0.212969473
0.212969473
0.212969473
0.212969473
0.212969473
0.211379525
0.211379525
0.211379525
0.211379525
0.211379525
0.211379525
0.211379525
0.211379525
0.211379525
0.211379525
0.211379525
0.211379525
0.211379525
0.211379525
0.211379525
0.211379525
0.211379525
0.211379525
0.211379525
0.211379525
0.211379525
0.211379525
0.211379525
0.211379525
0.211220123
0.211220123
0.211220123
0.211220123
0.211220123
0.211220123
0.211220123
0.211220123
0.211220123
0.211220123
0.211220123
0.211220123
0.211220123
0.211220123
0.211113922
0.211113922
0.211113922
0.211113922
0.211113922
0.211113922
0.211113922
0.211113922
0.211113922
0.211113922
0.211113922
0.211113922
0.211113922
0.211113922
0.211113922
0.211113922
0.211113922
0.211113922
0.211113922
0.211113922
0.211113922
0.211113922
0.211113922
0.211113922
0.211113922
0.211113922
0.211113922
0.211113922
0.211113922
0.211113922
0.211082526
0.211082526
0.210802371
0.210802371
0.210772859
0.210772859
0.210772859
0.210772859
0.210772859
0.210772859
0.210772859
0.210772859
0.210772859
0.210772859
0.210772859
0.210772859
0.210772859
0.210772859
0.210772859
0.210772859
0.210772859
0.210772859
0.210772859
0.210772859
0.210772859
0.210772859
0.210772859
0.210772859
0.210772859
0.210772859
0.210772859
0.210772859
0.210772859
0.210772859
0.210772859
0.210772859
0.210772859
0.210772859
0.210772859
0.210772859
0.210772859
0.210772859
0.210772859
0.210772859
0.210772859
0.210772859
0.210772859
0.210772859
0.210772859
0.210772859
0.210772859
0.210772859
0.210772859
0.210772859
0.210772859
0.210772859
0.210772859
0.210772859
0.210772859
0.210772859
0.210772859
0.210772859
0.210772859
0.210772859
0.210772859
0.210772859
0.210772859
0.210772859
0.210772859
0.210772859
0.210772859
0.210772859
0.210772859
0.210772859
0.210772859
0.210772859
0.210772859
0.210772859
0.210772859
0.210772859
0.210772859
0.210772859
0.210772859
0.210772859
0.210772859
0.210772859
0.210772859
0.210772859
0.210772859
0.210772859
0.210772859
0.210772859
0.210772859
0.210772859
0.210772859
0.210772859
0.210772859
0.210772859
0.210772859
0.210772859
0.210772859
0.210772859
0.210772859
0.210772859
0.210772859
0.210772859
0.210772859
0.210772859
0.210772859
0.210772859
0.210772859
0.210772859
0.210772859
0.210772859
0.210772859
0.210772859
0.210772859
0.210772859
0.210772859
0.210772859
0.210772859
0.210772859
0.210772859
0.210772859
0.210772859
0.210760253
0.210760253
0.210760253
0.210760253
0.210760253
0.210760253
0.210760253
0.210760253
0.210760253
0.210760253
0.210760253
0.210760253
0.210760253
0.210760253
0.210760253
0.210760253
0.210760253
0.210760253
0.210760253
0.210760253
0.210760253
0.210760253
0.210760253
0.210760253
0.210760253
