0.767302297
0.671927548
0.660645535
0.660645535
0.630719792
0.537493984
0.509898124
0.509898124
0.509898124
0.509898124
0.509898124
0.5008593
0.5008593
0.455398166
0.44729191
0.440800095
0.440800095
0.403616708
0.376871064
0.376871064
0.376871064
0.376871064
0.376871064
0.374542721
0.374542721
0.374542721
0.374542721
0.374542721
0.374542721
0.374542721
0.357138892
0.346916956
0.259228756
0.259228756
0.250970137
0.229248205
0.229248205
0.22060776
0.22060776
0.22060776
0.220326004
0.220326004
0.220326004
0.211661675
0.211661675
0.211661675
0.211661675
0.211661675
0.211661675
0.211661675
0.211661675
0.20657008
0.20657008
0.20657008
0.20657008
0.20657008
0.20657008
0.20657008
0.20657008
0.20657008
0.20657008
0.20657008
0.20657008
0.20657008
0.20657008
0.164587573
0.164587573
0.164587573
0.164587573
0.164587573
0.164587573
0.164587573
0.142101548
0.142101548
0.142101548
0.142101548
0.142101548
0.140823408
0.140823408
0.140823408
0.140823408
0.140823408
0.140823408
0.140823408
0.140823408
0.140823408
0.140823408
0.139315805
0.139315805
0.139315805
0.139315805
0.139315805
0.139315805
0.139315805
0.139315805
0.139315805
0.139315805
0.139315805
0.139315805
0.139315805
0.135126018
0.135126018
0.135126018
0.135126018
0.135126018
0.135126018
0.104259885
0.104259885
0.104259885
0.104259885
0.104259885
0.104259885
0.104259885
0.104259885
0.104259885
0.104259885
0.104259885
0.0846516796
0.0846516796
0.0846516796
0.0846516796
0.0846516796
0.0807051609
0.0807051609
0.0807051609
0.0807051609
0.0807051609
0.0807051609
0.0807051609
0.0807051609
0.0807051609
0.0807051609
0.0807051609
0.0807051609
0.0807051609
0.0807051609
0.0807051609
0.0807051609
0.0807051609
0.0807051609
0.0807051609
0.0807051609
0.0807051609
0.0807051609
0.0807051609
0.0807051609
0.0807051609
0.0807051609
0.0807051609
0.0807051609
0.0758745553
0.0758745553
0.0758745553
0.0758745553
0.0758745553
0.0758745553
0.0758745553
0.0758745553
0.0758745553
0.0758745553
0.0758745553
0.0758745553
0.0758745553
0.0758745553
0.0758745553
0.0758745553
0.0758745553
0.0758745553
0.0758745553
0.0758745553
0.0758745553
0.0758745553
0.0758745553
0.0758745553
0.0758745553
0.0758745553
0.0758745553
0.0758745553
0.0758745553
0.0758745553
0.0758745553
0.0758745553
0.0758745553
0.0758745553
0.0758745553
0.0758745553
0.0758745553
0.0758745553
0.0758745553
0.0758745553
0.0758745553
0.0758745553
0.0758745553
0.0758745553
0.0758745553
0.0758745553
0.0758745553
0.0758745553
0.0758745553
0.0758745553
0.0758745553
0.0758745553
0.0758745553
0.0758745553
0.0758745553
0.0758745553
0.0758745553
0.0758745553
0.0758745553
0.0758745553
0.0758745553
0.0758745553
0.0758745553
0.0758745553
0.0758745553
0.0758745553
0.0758745553
0.0758745553
0.0758745553
0.0758745553
0.0758745553
0.0758745553
0.0758745553
0.0758745553
0.0758745553
0.0758745553
0.0758745553
0.0758745553
0.0758745553
0.0758745553
0.0732322107
0.0732322107
0.0732322107
0.0732322107
0.0732322107
0.0713182516
0.0713182516
0.0713182516
0.0713182516
0.0713182516
0.0713182516
0.0713182516
0.0713182516
0.0713182516
0.0713182516
0.0713182516
0.0713182516
0.0713182516
0.0713182516
0.0713182516
0.0713182516
0.0713182516
0.0713182516
0.0713182516
0.0713182516
0.0713182516
0.0713182516
0.0713182516
0.0713182516
0.0713182516
0.0713182516
0.0713182516
0.0713182516
0.0713182516
0.0713182516
0.0713182516
0.0713182516
0.0713182516
0.0713182516
0.0713182516
0.0713182516
0.0713182516
0.0713182516
0.0713182516
0.0713182516
0.0713182516
0.0712776924
0.0712776924
0.0712776924
0.0712776924
0.0712091413
0.0712091413
0.0712091413
0.0712091413
0.0712091413
0.0712091413
0.0712091413
0.0712091413
0.0712091413
0.0712091413
0.0712091413
0.0712091413
0.0712091413
0.0712091413
0.0712091413
0.0712091413
0.0712091413
0.0712091413
0.0712091413
0.0712091413
0.0712091413
0.0712091413
0.0712091413
0.0712091413
0.0712091413
0.0712091413
0.0712091413
0.0712091413
0.0712091413
0.0712091413
0.0712091413
0.0712091413
0.0712091413
0.0712091413
0.0712091413
0.0712091413
0.0712091413
0.0712091413
0.0712091413
0.0712091413
0.0712091413
0.0712091413
0.0712091413
0.0712091413
0.0712091413
0.0712091413
0.0712091413
0.0712091413
0.0712091413
0.0712091413
0.0712091413
0.0712091413
0.0712091413
0.0712091413
0.0712091413
0.0712091413
0.0712091413
0.0712091413
0.0712091413
0.0712091413
0.0712091413
0.0712091413
0.0712091413
0.0712022266
0.0712022266
0.0712022266
0.0712022266
0.0712022266
0.0712022266
0.0712022266
0.0712022266
0.0712022266
0.0712022266
0.0712022266
0.0712022266
0.0712022266
0.0712022266
0.0712022266
0.0712022266
0.0712022266
0.0712022266
0.0712022266
0.0712022266
0.0712022266
0.0712022266
0.0712022266
0.0712022266
0.0712022266
0.0712022266
0.0712022266
0.0712022266
0.0712022266
0.0712022266
0.0712022266
0.0712022266
0.0712022266
0.0712022266
0.0712022266
0.0712022266
0.0712022266
0.0712022266
0.0712022266
0.0712022266
0.0712022266
0.0712022266
0.0712022266
0.0712022266
0.0712022266
0.0712022266
0.0712022266
0.0712022266
0.0712022266
0.0710576779
0.0710576779
0.0710576779
0.0710576779
0.0710576779
0.0710576779
0.0710576779
0.0710576779
0.0710576779
0.0710576779
0.0710576779
0.0710576779
0.0710576779
0.0710576779
0.0710576779
0.0710576779
0.0710576779
0.0710576779
0.0710576779
0.0710576779
0.0710576779
0.0710576779
0.0710576779
0.0710576779
0.0710576779
0.0710576779
0.0710576779
0.0710576779
0.0710576779
0.0710576779
0.0708560196
0.0708560196
0.0708560196
0.0708560196
0.0708560196
0.0708560196
0.0708560196
0.0708560196
0.0708560196
0.0708560196
0.0708560196
0.0708560196
0.0708560196
0.0708560196
0.0708560196
0.0708560196
0.0708560196
0.0708560196
0.0708560196
0.0708560196
0.0708560196
0.0708560196
0.0708560196
0.0695375367
0.0695375367
0.0695375367
0.0695375367
0.0695375367
0.0695375367
0.0695375367
0.0695375367
0.069191015
0.069191015
0.069191015
0.069191015
0.069191015
0.069191015
0.069191015
0.069191015
0.069191015
0.069191015
0.069191015
0.0675296639
0.0675296639
0.0675296639
0.0675296639
0.0675296639
0.0675296639
0.0675296639
0.0675296639
0.0675296639
0.0675296639
0.0675296639
0.0675296639
0.0675296639
0.0675296639
0.0675296639
0.0675296639
0.0675296639
0.0675296639
0.0675296639
0.0675296639
0.0675296639
0.0675296639
0.0675296639
0.0675296639
0.0675296639
0.0675296639
0.0675296639
0.0675296639
0.0675296639
0.0675296639
0.0675296639
0.0675296639
0.0675296639
0.0675296639
0.0675296639
0.0675296639
0.0675296639
0.0675296639
0.0675296639
0.0675296639
0.0675296639
0.0673457448
0.0673457448
0.0673457448
0.0673457448
0.0673457448
0.0673457448
0.0673457448
0.0673457448
0.0673457448
0.0673457448
0.0673457448
0.0673457448
0.0673457448
0.0673457448
0.0673457448
0.0673457448
0.0673457448
0.0673457448
0.0673457448
0.0673457448
0.0673457448
0.0673457448
0.0673457448
0.0673457448
0.0673457448
0.0673457448
0.0673457448
0.0673457448
0.0673457448
0.0673457448
0.0673457448
0.0673457448
0.0669986804
0.0669986804
0.0669986804
0.0669986804
0.0669986804
0.0669986804
0.0669986804
0.0669986804
0.0669986804
0.0669986804
0.0669986804
0.0669986804
0.0669986804
0.0669986804
0.0669986804
0.0669986804
0.0669986804
0.0669986804
0.0669986804
0.0669986804
0.0669986804
0.0669986804
0.0669986804
0.0669986804
0.0669986804
0.0669986804
0.0669986804
0.0669986804
0.0669986804
0.0669986804
0.0669986804
0.0669986804
0.0669986804
0.0669986804
0.0669986804
0.0669986804
0.0669986804
0.0669911686
0.0669911686
0.0669911686
0.0669911686
0.0669911686
0.066983507
0.066983507
0.066983507
0.066983507
0.066983507
0.066983507
0.066983507
0.066983507
0.066983507
0.066983507
0.066983507
0.066983507
0.066983507
0.066983507
0.066983507
0.066983507
0.066983507
0.066983507
0.066983507
0.066983507
0.066983507
0.066983507
0.066983507
0.066983507
0.066983507
0.066983507
0.066983507
0.066983507
0.066983507
0.066983507
0.066983507
0.066983507
0.066983507
0.066983507
0.066983507
0.066983507
0.066983507
0.066983507
0.066983507
0.066983507
0.066983507
0.066983507
0.066983507
0.066983507
0.066983507
0.066983507
0.066983507
0.066983507
0.066983507
0.066983507
0.066983507
0.066983507
0.066983507
0.066983507
0.066983507
0.066983507
0.066983507
0.066983507
0.066983507
0.066983507
0.066983507
0.066983507
0.066983507
0.066983507
0.066983507
0.066983507
0.066983507
0.066983507
0.066983507
0.066983507
0.066983507
0.066983507
0.066983507
0.066983507
0.066983507
0.066983507
0.066983507
0.066983507
0.066983507
0.066983507
0.066983507
0.066983507
0.066983507
0.066983507
0.066983507
0.066983507
0.066983507
0.066983507
0.066983507
0.066983507
0.066983507
0.066983507
0.066983507
0.066983507
0.066983507
0.066983507
0.066983507
0.066983507
0.066983507
0.066983507
0.066983507
0.066983507
0.066983507
0.066983507
0.066983507
0.066983507
0.066983507
0.066983507
0.066983507
0.066983507
0.066983507
0.066983507
0.066983507
0.066983507
0.066983507
0.066983507
0.066983507
0.066983507
0.066983507
0.066983507
0.066983507
0.066983507
0.066983507
0.066983507
0.066983507
0.066983507
0.066983507
0.066983507
0.066983507
0.066983507
0.066983507
0.066983507
0.066983507
0.066983507
0.066983507
0.066983507
0.066983507
0.066983507
0.066983507
0.066983507
0.066983507
0.066983507
0.066983507
0.066983507
0.066983507
0.066983507
0.066983507
0.066983507
0.066983507
0.066983507
0.066983507
0.066983507
0.066983507
0.066983507
0.066983507
0.066983507
0.066983507
0.066983507
0.066983507
0.066983507
0.066983507
0.066983507
0.066983507
0.066983507
0.066983507
0.066983507
0.066983507
0.066983507
0.066983507
0.066983507
0.066983507
0.066983507
0.066983507
0.066983507
0.066983507
0.066983507
0.066983507
0.066983507
0.066983507
0.066983507
0.066983507
0.066983507
0.066983507
0.066983507
0.066983507
0.066983507
0.066983507
0.066983507
0.066983507
0.066983507
0.066983507
0.066983507
0.066983507
0.066983507
0.066983507
0.066983507
0.066983507
0.066983507
0.066983507
0.066983507
0.066983507
0.066983507
0.066983507
0.066983507
0.066983507
0.066983507
0.066983507
0.066983507
0.066983507
0.066983507
0.066983507
0.066983507
0.066983507
0.066983507
0.066983507
0.066983507
0.066983507
0.066983507
0.066983507
0.066983507
0.066983507
0.066983507
0.066983507
0.066983507
0.066983507
0.066983507
0.066983507
0.066983507
0.066983507
0.066983507
0.066983507
0.066983507
0.066983507
0.066983507
0.066983507
0.066983507
0.066983507
0.066983507
0.066983507
0.066983507
0.066983507
0.066983507
0.066983507
0.066983507
0.066983507
0.066983507
0.066983507
0.066983507
0.066983507
0.066983507
0.066983507
0.066983507
0.066983507
0.066983507
0.066983507
0.066983507
0.066983507
0.066983507
0.066983507
0.066983507
0.066983507
0.066983507
0.066983507
0.066983507
0.066983507
0.066983507
0.066983507
0.066983507
0.066983507
0.066983507
0.066983507
0.066983507
0.066983507
0.066983507
0.066983507
0.066983507
0.066983507
0.066983507
0.066983507
0.066983507
0.066983507
0.066983507
0.066983507
0.066983507
0.066983507
0.066983507
0.066983507
0.066983507
0.066983507
0.066983507
0.066983507
0.066983507
0.066983507
0.066983507
0.066983507
0.066983507
0.066983507
0.066983507
0.066983507
0.066983507
0.066983507
0.066983507
0.066983507
0.066983507
0.066983507
0.066983507
0.066983507
0.066983507
0.066983507
0.066983507
0.066983507
0.066983507
0.066983507
0.066983507
0.066983507
0.066983507
0.066983507
0.066983507
0.066983507
0.066983507
0.066983507
0.066983507
0.066983507
0.066983507
0.066983507
0.066983507
0.066983507
0.066983507
0.066983507
0.066983507
0.066983507
0.066983507
0.066983507
0.066983507
0.066983507
0.066983507
0.066983507
0.066983507
0.066983507
0.066983507
0.066983507
0.066983507
0.066983507
0.066983507
0.066983507
0.066983507
0.066983507
0.066983507
0.066983507
0.066983507
0.066983507
0.066983507
0.066983507
0.066983507
0.066983507
0.066983507
0.066983507
0.066983507
0.066983507
0.066983507
0.066983507
0.066983507
0.066983507
0.066983507
0.066983507
0.066983507
0.066983507
0.066983507
0.066983507
0.066983507
0.066983507
0.066983507
0.066983507
0.066983507
0.066983507
0.066983507
0.066983507
0.066983507
0.066983507
0.066983507
0.066983507
0.066983507
0.066983507
0.066983507
0.066983507
0.066983507
0.066983507
0.066983507
0.066983507
0.066983507
0.066983507
0.066983507
0.066983507
0.066983507
0.066983507
0.066983507
0.066983507
0.066983507
0.066983507
0.066983507
0.066983507
0.066983507
0.066983507
0.066983507
0.066983507
0.066983507
0.066983507
0.066983507
0.066983507
0.066983507
0.066983507
0.066983507
0.066983507
0.066983507
0.066983507
0.066983507
0.066983507
0.066983507
0.066983507
0.066983507
0.066983507
