0.763317995
0.763317995
0.763317995
0.688390321
0.688390321
0.688390321
0.688390321
0.688390321
0.688390321
0.688390321
0.688390321
0.688390321
0.64121056
0.64121056
0.64121056
0.631754781
0.587836936
0.577968507
0.504499701
0.501758065
0.493844051
0.493844051
0.493844051
0.479475565
0.479475565
0.462100445
0.462100445
0.410957911
0.410957911
0.410957911
0.378881863
0.378881863
0.378881863
0.378881863
0.378881863
0.378881863
0.378881863
0.378881863
0.378881863
0.378881863
0.362626563
0.362626563
0.362626563
0.362626563
0.340933529
0.340933529
0.340933529
0.340933529
0.340933529
0.32889395
0.32889395
0.32889395
0.32889395
0.32889395
0.32889395
0.32889395
0.32889395
0.32889395
0.32889395
0.32889395
0.32889395
0.32889395
0.32889395
0.32889395
0.32889395
0.32889395
0.297828906
0.297828906
0.297828906
0.297828906
0.297828906
0.297828906
0.297828906
0.297828906
0.297828906
0.297828906
0.297828906
0.294244809
0.294244809
0.294244809
0.294244809
0.294244809
0.294244809
0.279552898
0.279552898
0.279552898
0.279024141
0.279024141
0.279024141
0.26409662
0.26409662
0.26409662
0.26409662
0.26409662
0.26409662
0.26409662
0.26409662
0.26409662
0.26409662
0.26409662
0.26409662
0.26409662
0.26409662
0.26409662
0.26409662
0.26409662
0.261007813
0.261007813
0.261007813
0.254670012
0.254670012
0.254670012
0.254670012
0.254670012
0.254670012
0.254670012
0.254670012
0.254670012
0.226412271
0.226412271
0.226412271
0.226412271
0.226412271
0.226412271
0.226412271
0.226412271
0.226412271
0.226412271
0.226412271
0.226412271
0.223275246
0.223275246
0.223275246
0.223275246
0.223275246
0.223275246
0.223275246
0.223275246
0.223275246
0.223275246
0.223275246
0.223275246
0.223275246
0.211397842
0.211397842
0.211397842
0.211397842
0.211397842
0.211397842
0.211397842
0.211397842
0.206356961
0.206356961
0.19653995
0.19653995
0.19653995
0.189364789
0.189364789
0.189364789
0.189364789
0.189364789
0.16727574
0.160943339
0.160943339
0.151231811
0.140523834
0.140523834
0.140523834
0.140523834
0.140523834
0.140523834
0.140523834
0.140523834
0.140523834
0.139561455
0.139561455
0.139561455
0.139561455
0.139561455
0.139561455
0.131020787
0.131020787
0.131020787
0.131020787
0.131020787
0.131020787
0.131020787
0.131020787
0.127556125
0.127556125
0.127556125
0.127556125
0.10951901
0.10951901
0.10951901
0.10951901
0.10951901
0.0979588861
0.0979588861
0.0979588861
0.0979588861
0.0979588861
0.0979588861
0.0979588861
0.0979588861
0.0979588861
0.0979588861
0.0979588861
0.0979588861
0.0979588861
0.0979588861
0.0979588861
0.0979588861
0.0979588861
0.0979588861
0.0979588861
0.0979588861
0.0979588861
0.0979588861
0.0979588861
0.0979588861
0.0966096917
0.0966096917
0.0966096917
0.0966096917
0.0966096917
0.0966096917
0.0966096917
0.0966096917
0.0966096917
0.0966096917
0.0966096917
0.0966096917
0.0966096917
0.0966096917
0.0966096917
0.0966096917
0.0966096917
0.0966096917
0.0966096917
0.0966096917
0.0966096917
0.0966096917
0.0966096917
0.0966096917
0.0966096917
0.0966096917
0.0966096917
0.0966096917
0.0966096917
0.0966096917
0.0966096917
0.0966096917
0.0966096917
0.0966096917
0.0941390774
0.0941390774
0.0941390774
0.0941390774
0.0941390774
0.0941390774
0.0941390774
0.0731375784
0.0731375784
0.0731375784
0.0731375784
0.0731375784
0.0731375784
0.0731375784
0.0731375784
0.0731375784
0.0731375784
0.0731375784
0.0731375784
0.0731375784
0.0731375784
0.0731375784
0.0731375784
0.0731375784
0.0731375784
0.0731375784
0.0731375784
0.0731375784
0.0731375784
0.0731375784
0.0731375784
0.0731375784
0.0731375784
0.0731375784
0.0731375784
0.0731375784
0.0731375784
0.0731375784
0.0731375784
0.0731375784
0.0731375784
0.0731375784
0.0731375784
0.0731375784
0.0731375784
0.0731375784
0.0731375784
0.0731375784
0.0731375784
0.0723320823
0.0703669635
0.0703669635
0.0703669635
0.0703669635
0.0703669635
0.0703669635
0.0703669635
0.0703669635
0.0701101279
0.069607869
0.069607869
0.0694204045
0.0694204045
0.0694204045
0.0666882051
0.0666433152
0.0666433152
0.0666385493
0.0666385493
0.0666385493
0.0666385493
0.0666385493
0.0666385493
0.0666385493
0.0666385493
0.0666385493
0.0666385493
0.0666385493
0.0666385493
0.0666385493
0.0666385493
0.0666385493
0.0666385493
0.0666385493
0.0666385493
0.0666385493
0.0666385493
0.0666385493
0.0666385493
0.0666385493
0.0666385493
0.0666385493
0.0666385493
0.0666385493
0.0666385493
0.0666385493
0.0666385493
0.0666385493
0.0666385493
0.0666350331
0.0666350331
0.0666350331
0.0666350331
0.0666350331
0.0666350331
0.0666350331
0.0666350331
0.0666350331
0.0666350331
0.0666350331
0.0666350331
0.0666350331
0.0666350331
0.0666350331
0.0666350331
0.0666350331
0.0666350331
0.0666350331
0.0666350331
0.0666350331
0.0666350331
0.0666350331
0.0666350331
0.0666350331
0.0666350331
0.0666350331
0.0666350331
0.0666350331
0.0666350331
0.0666350331
0.0666350331
0.0666350331
0.0666350331
0.0666350331
0.0666350331
0.0666350331
0.0666350331
0.0666350331
0.0666350331
0.0666350331
0.0666350331
0.0666350331
0.0666350331
0.0666350331
0.0666350331
0.0666350331
0.0666350331
0.0666350331
0.0666350331
0.0666350331
0.0666350331
0.0666350331
0.0666350331
0.0666350331
0.0666350331
0.0666350331
0.0666350331
0.0666350331
0.0666350331
0.0666350331
0.0666350331
0.0666350331
0.0666350331
0.0666350331
0.0666350331
0.0666350331
0.0666350331
0.0666350331
0.0666350331
0.0666350331
0.0666350331
0.0666350331
0.0666350331
0.0666350331
0.0666350331
0.0666350331
0.0666350331
0.0666350331
0.0666350331
0.0666350331
0.0666350331
0.0666350331
0.0666350331
0.0666350331
0.0666350331
0.0666350331
0.0666350331
0.0666350331
0.0666329648
0.0666329648
0.0666329648
0.0666329648
0.0666329648
0.0666329648
0.0666329648
0.0666329648
0.0666329648
0.0666329648
0.0666329648
0.0666329648
0.0666329648
0.0666329648
0.0666329648
0.0666329648
0.0666329648
0.0666329648
0.0666329648
0.0666329648
0.0666329648
0.0666329648
0.0666329648
0.0666329648
0.0666329648
0.0666329648
0.0666329648
0.0666329648
0.0666329648
0.0666329648
0.0666329648
0.0666329648
0.0666329648
0.0666329648
0.0666329648
0.0666329648
0.0666329648
0.0666329648
0.0666329648
0.0666329648
0.0666329648
0.0666329648
0.0666329648
0.0666329648
0.0666329648
0.0666329648
0.0666329648
0.0666329648
0.0666329648
0.0666329648
0.0666329648
0.0666329648
0.0666329648
0.0666329648
0.0666329648
0.0666329648
0.0666329648
0.0666329648
0.0666329648
0.0666329648
0.0666329648
0.0666329648
0.0666329648
0.0666329648
0.0666329648
0.0666329648
0.0639591975
0.0639591975
0.0639591975
0.0639591975
0.0639591975
0.0639591975
0.0639591975
0.0639591975
0.0639591975
0.0639591975
0.0639591975
0.0639591975
0.0639591975
0.0639591975
0.0639591975
0.0639591975
0.0639591975
0.0639591975
0.0639591975
0.0639398169
0.0639398169
0.0639398169
0.0638505084
0.0638505084
0.0638505084
0.0638505084
0.0638505084
0.0638505084
0.0638505084
0.0638505084
0.0638505084
0.0638505084
0.0638505084
0.0638505084
0.0638505084
0.0638505084
0.0638505084
0.0638505084
0.0638505084
0.0638505084
0.0638505084
0.0638505084
0.0638453715
0.0638453715
0.0638453715
0.0638453715
0.0638453715
0.0638453715
0.0638453715
0.0638453715
0.0638453715
0.0638453715
0.0638453715
0.0638453715
0.0638453715
0.0638453715
0.0638453715
0.0638453715
0.0635270844
0.0635270844
0.0635270844
0.0635270844
0.0635270844
0.0628451601
0.0628451601
0.0628451601
0.0628451601
0.0628451601
0.0628451601
0.0628451601
0.0628451601
0.0628451601
0.062739091
0.0627009294
0.0627009294
0.0627009294
0.0627009294
0.0627009294
0.0627009294
0.0627009294
0.0627009294
0.0627009294
0.0627009294
0.0627009294
0.0627009294
0.0627009294
0.0627009294
0.0627009294
0.0627009294
0.0626991125
0.0626991125
0.0626991125
0.0626991125
0.0626991125
0.0626991125
0.0626991125
0.0626991125
0.0626991125
0.0626991125
0.0626991125
0.0626991125
0.0626991125
0.0626991125
0.0626991125
0.0626991125
0.0626991125
0.0626991125
0.0626991125
0.0626991125
0.0626486296
0.0626486296
0.0626486296
0.0626486296
0.0626486296
0.0626486296
0.0626486296
0.0626486296
0.0626486296
0.0626486296
0.0626486296
0.0626486296
0.0626486296
0.0626486296
0.0626486296
0.0626486296
0.0626486296
0.0626486296
0.0626486296
0.0626486296
0.0626486296
0.0626486296
0.0626486296
0.0626486296
0.0626486296
0.0626486296
0.0626486296
0.0626486296
0.0626486296
0.0626486296
0.0626486296
0.0626486296
0.0626486296
0.0626486296
0.0626486296
0.0626486296
0.0626486296
0.0626486296
0.0626486296
0.0626486296
0.0626486296
0.0626486296
0.0626486296
0.0626486296
0.0626486296
0.0626486296
0.0626486296
0.0626486296
0.0626486296
0.0626486296
0.0626486296
0.0626486296
0.0626486296
0.0626486296
0.0626486296
0.0626486296
0.0626486296
0.0626486296
0.0626486296
0.0626486296
0.0626486296
0.0626486296
0.0626486296
0.0626486296
0.0626486296
0.0626486296
0.0626486296
0.0626486296
0.0626486296
0.0626486296
0.0626486296
0.0586747007
0.0586747007
0.0586747007
0.0586747007
0.0586747007
0.0586747007
0.0586747007
0.0586747007
0.0586747007
0.0586747007
0.0488684375
0.0488684375
0.0488684375
0.0488684375
0.0488684375
0.0488684375
0.0488684375
0.0488684375
0.0488684375
0.0488684375
0.0488684375
0.0488684375
0.0469178852
0.0469178852
0.0469178852
0.0469178852
0.0469178852
0.0469178852
0.0386972247
0.0386972247
0.0386972247
0.0386972247
0.0386972247
0.0386972247
0.0386972247
0.0386972247
0.0386972247
0.0386972247
0.0386972247
0.0386972247
0.0204841624
0.0204841624
0.0204841624
0.0204841624
0.0204841624
0.0204841624
0.0204841624
0.0204841624
0.0204841624
0.0204841624
0.0204841624
0.0204841624
0.0204841624
0.0204841624
0.0204841624
0.0204841624
0.0204841624
0.0204841624
0.0204841624
0.0204841624
0.0204841624
0.0204841624
0.0204841624
0.0204841624
0.0204841624
0.0204841624
0.0204841624
0.0204841624
0.0204841624
0.0204841624
0.0204841624
0.0204841624
0.0204841624
0.0204841624
0.0204841624
0.0204841624
0.0204841624
0.0204841624
0.0204841624
0.0204841624
0.0204841624
0.0204841624
0.0204841624
0.0204841624
0.0204841624
0.0204841624
0.0204841624
0.0204841624
0.0204841624
0.0204841624
0.0204841624
0.0204841624
0.0204841624
0.0204841624
0.0204841624
0.0204841624
0.0204841624
0.0204841624
0.0204841624
0.0204841624
0.0204841624
0.0204841624
0.0204841624
0.0204841624
0.0204841624
0.0204841624
0.0204841624
0.0204841624
0.0204841624
0.0204841624
0.0204841624
0.0204841624
0.0204841624
0.0204841624
0.0204841624
0.0204841624
0.0204841624
0.0204841624
0.0204841624
0.0204841624
0.0204841624
0.0204841624
0.0204841624
0.0204841624
0.0204841624
0.0204841624
0.0204841624
0.0204841624
0.0204841624
0.0204841624
0.0204841624
0.0204841624
0.0204841624
0.0204841624
0.0204841624
0.0204841624
0.0204841624
0.0204841624
0.0204841624
0.0204841624
0.0204841624
0.0204841624
0.0204841624
0.0204841624
0.0204841624
0.0204841624
0.0204841624
0.0204841624
0.0204841624
0.0204841624
0.0204841624
0.0204841624
0.0204841624
0.0204841624
0.0204841624
0.0204841624
0.0204841624
0.0204841624
0.0204841624
0.0204841624
0.0204841624
0.0204841624
0.0204841624
0.0204841624
0.0204841624
0.0204841624
0.0204841624
0.0204841624
0.0204841624
0.0204841624
0.0204841624
0.0204841624
0.0204841624
0.0204841624
0.0204841624
0.0204841624
0.0204841624
0.0204841624
0.0204841624
0.0204841624
0.0204841624
0.0204841624
0.0204841624
0.0204841624
0.0204841624
0.0204841624
0.0204841624
0.0204841624
0.0204841624
0.0204841624
0.0204841624
0.0204841624
0.0204841624
0.0204841624
0.0204841624
0.0204841624
0.0204841624
0.0204841624
0.0204841624
0.0204841624
0.0204841624
0.0204841624
0.0204841624
0.0204841624
0.0204841624
0.0204841624
0.0204841624
0.0204841624
0.0204841624
0.0204841624
0.0204841624
0.0204841624
0.0204841624
0.0204841624
0.0204841624
0.0204841624
0.0204841624
0.0204841624
0.0204841624
0.0204841624
0.0204841624
0.0204841624
0.0204841624
0.0204841624
0.0204841624
0.0204841624
0.0204841624
0.0204841624
0.0204841624
0.0204841624
0.0204841624
0.0204841624
0.0204841624
0.0204841624
0.0204841624
0.0204841624
0.0204841624
0.0204841624
0.0204841624
0.0204841624
0.0204841624
0.0204841624
0.0204841624
0.0204841624
0.0204841624
0.0204841624
0.0204841624
0.0204841624
0.0204841624
0.0204841624
0.0204841624
0.0204841624
0.0204841624
0.0204841624
0.0204841624
0.0204841624
0.0204841624
0.0204841624
0.0204841624
0.0204841624
0.0204841624
0.0204841624
0.0204841624
0.0204841624
0.0204841624
0.0204841624
0.0204841624
0.0204841624
0.0204841624
0.0204841624
0.0204841624
0.0204841624
0.0204841624
0.0204841624
0.0204841624
0.0204841624
0.0204841624
0.0204841624
0.0204841624
0.0204841624
0.0204841624
0.0204841624
0.0204841624
0.0204841624
0.0204841624
0.0204841624
0.0204841624
0.0204841624
0.0204841624
0.0204841624
0.0204841624
0.0204841624
0.0204841624
0.0204841624
0.0204841624
0.0204841624
0.0204841624
0.0204841624
0.0204841624
0.0204841624
0.0204841624
0.0204841624
0.0204841624
0.0204841624
0.0204841624
0.0204841624
0.0204841624
0.0204841624
0.0204841624
0.0204841624
0.0204841624
