0.762115679
0.762115679
0.762115679
0.754346529
0.745319124
0.745319124
0.745319124
0.730508427
0.730508427
0.730508427
0.730508427
0.730508427
0.728536296
0.728536296
0.728536296
0.728536296
0.728536296
0.728536296
0.717789452
0.717789452
0.717789452
0.717789452
0.640395684
0.640395684
0.640395684
0.629941687
0.611409926
0.611409926
0.611409926
0.611409926
0.611409926
0.611258623
0.605604215
0.605604215
0.601849343
0.601849343
0.601849343
0.591303788
0.564419853
0.564419853
0.561143674
0.561143674
0.561143674
0.561143674
0.561143674
0.561143674
0.560901835
0.560901835
0.560901835
0.560735952
0.560735952
0.560735952
0.560735952
0.560735952
0.445447985
0.445447985
0.445447985
0.433361105
0.433361105
0.433361105
0.353855931
0.353855931
0.353855931
0.353855931
0.326794793
0.326794793
0.326794793
0.326794793
0.326794793
0.326794793
0.326794793
0.326794793
0.312599723
0.312599723
0.312599723
0.312599723
0.312599723
0.312599723
0.312599723
0.312599723
0.312599723
0.312599723
0.312599723
0.312599723
0.312599723
0.312599723
0.312599723
0.312599723
0.312599723
0.312599723
0.312599723
0.312599723
0.312599723
0.312440738
0.312440738
0.312440738
0.312440738
0.312440738
0.312440738
0.312440738
0.312440738
0.312440738
0.312440738
0.312440738
0.312440738
0.312440738
0.312440738
0.312440738
0.312440738
0.312440738
0.312440738
0.312092325
0.312092325
0.312092325
0.312092325
0.311989434
0.311989434
0.311989434
0.311989434
0.311989434
0.311989434
0.311989434
0.311989434
0.311989434
0.311989434
0.311989434
0.311989434
0.311989434
0.311989434
0.311989434
0.311989434
0.311989434
0.311989434
0.311989434
0.311989434
0.311989434
0.311989434
0.311989434
0.311989434
0.311989434
0.311989434
0.311989434
0.311989434
0.311989434
0.311989434
0.311989434
0.311989434
0.311989434
0.311989434
0.311989434
0.311989434
0.311989434
0.311989434
0.311989434
0.311989434
0.311989434
0.311989434
0.311989434
0.29781977
0.29781977
0.29781977
0.281177731
0.281177731
0.281177731
0.281177731
0.281177731
0.281177731
0.281177731
0.281177731
0.257355275
0.257355275
0.257355275
0.255927725
0.255927725
0.255927725
0.255927725
0.255927725
0.255927725
0.255927725
0.255927725
0.255927725
0.249878195
0.249878195
0.249878195
0.249878195
0.249878195
0.249878195
0.249878195
0.249878195
0.249878195
0.249878195
0.249878195
0.242927341
0.232596776
0.232596776
0.232596776
0.232596776
0.232596776
0.232596776
0.232596776
0.232596776
0.232596776
0.232596776
0.232596776
0.232596776
0.232596776
0.232596776
0.232596776
0.232596776
0.232596776
0.232596776
0.232596776
0.232596776
0.232596776
0.232596776
0.232596776
0.232596776
0.232596776
0.232596776
0.232596776
0.232596776
0.232596776
0.232596776
0.224568864
0.224568864
0.224568864
0.224139857
0.224139857
0.212888172
0.212888172
0.212888172
0.212888172
0.212888172
0.212888172
0.212888172
0.212372988
0.212372988
0.212372988
0.212372988
0.212372988
0.212372988
0.212372988
0.212372988
0.212372988
0.212372988
0.212372988
0.212372988
0.212372988
0.212372988
0.212372988
0.212372988
0.212372988
0.212372988
0.212372988
0.212372988
0.212372988
0.212372988
0.212372988
0.212372988
0.212372988
0.212372988
0.212372988
0.212372988
0.212372988
0.212372988
0.212372988
0.212372988
0.212372988
0.212372988
0.212372988
0.212372988
0.212372988
0.212372988
0.212372988
0.212372988
0.212372988
0.212372988
0.212372988
0.212372988
0.212372988
0.212372988
0.212372988
0.212372988
0.212372988
0.212372988
0.212372988
0.212372988
0.212372988
0.212372988
0.212372988
0.212372988
0.212372988
0.212372988
0.212372988
0.212372988
0.212372988
0.212372988
0.212372988
0.212372988
0.212372988
0.212372988
0.212372988
0.212372988
0.212372988
0.212372988
0.212372988
0.212372988
0.212372988
0.212372988
0.212372988
0.212372988
0.212372988
0.212372988
0.212372988
0.212372988
0.212372988
0.212372988
0.212372988
0.212372988
0.212372988
0.212372988
0.212372988
0.212372988
0.212372988
0.212372988
0.212372988
0.212372988
0.212168709
0.212168709
0.212168709
0.212168709
0.212168709
0.212168709
0.212168709
0.212168709
0.212168709
0.212168709
0.212168709
0.212168709
0.212168709
0.212168709
0.212115554
0.212115554
0.212115554
0.212115554
0.212115554
0.212115554
0.212115554
0.211878221
0.211878221
0.211878221
0.211878221
0.211878221
0.211878221
0.211878221
0.211878221
0.211878221
0.211878221
0.211878221
0.211878221
0.211878221
0.211878221
0.211878221
0.211878221
0.211878221
0.211878221
0.211878221
0.211878221
0.180567275
0.180567275
0.180567275
0.180567275
0.180567275
0.180567275
0.180567275
0.180567275
0.180567275
0.180567275
0.180567275
0.180567275
0.180567275
0.180567275
0.180567275
0.180567275
0.180567275
0.180567275
0.180567275
0.180567275
0.180567275
0.180567275
0.180567275
0.180567275
0.180567275
0.180567275
0.180567275
0.180567275
0.180567275
0.180567275
0.180567275
0.180567275
0.180567275
0.180567275
0.180567275
0.180567275
0.180567275
0.180567275
0.180567275
0.180567275
0.180567275
0.180567275
0.180567275
0.180567275
0.180567275
0.180567275
0.180567275
0.171258506
0.171258506
0.151663555
0.151663555
0.151663555
0.151663555
0.151340124
0.151340124
0.151340124
0.151340124
0.151340124
0.151340124
0.151340124
0.151340124
0.151340124
0.151340124
0.150753681
0.150753681
0.150753681
0.150625979
0.150625979
0.150625979
0.150625979
0.150625979
0.150625979
0.150625979
0.150625979
0.150625979
0.150625979
0.150625979
0.150625979
0.150625979
0.150625979
0.150625979
0.150625979
0.150625979
0.150625979
0.150625979
0.150625979
0.150625979
0.150552173
0.150552173
0.150552173
0.150552173
0.150552173
0.150552173
0.150552173
0.150552173
0.150552173
0.150552173
0.150552173
0.150552173
0.150552173
0.150491741
0.149389636
0.149389636
0.149389636
0.149389636
0.149389636
0.149389636
0.149389636
0.148978239
0.148978239
0.148978239
0.148978239
0.148978239
0.148978239
0.148978239
0.148978239
0.148978239
0.148978239
0.148978239
0.148846711
0.148846711
0.148846711
0.148830736
0.148830736
0.148830736
0.148830736
0.148830736
0.148830736
0.148830736
0.148830736
0.148830736
0.148646336
0.148646336
0.148646336
0.148646336
0.148646336
0.148646336
0.148646336
0.148646336
0.148646336
0.148646336
0.148646336
0.148646336
0.148646336
0.148646336
0.148646336
0.148646336
0.148646336
0.148646336
0.148646336
0.148646336
0.144544478
0.144544478
0.144544478
0.144544478
0.144544478
0.144544478
0.144544478
0.144544478
0.144544478
0.144544478
0.144544478
0.144544478
0.144544478
0.144544478
0.144544478
0.144544478
0.144544478
0.144544478
0.144544478
0.144544478
0.144544478
0.144544478
0.144544478
0.144544478
0.144544478
0.144544478
0.144544478
0.144544478
0.144544478
0.144544478
0.144544478
0.144544478
0.144544478
0.144544478
0.144544478
0.144544478
0.144544478
0.144544478
0.144544478
0.144544478
0.144544478
0.144544478
0.144544478
0.144544478
0.144544478
0.144544478
0.144544478
0.144544478
0.144544478
0.144544478
0.144544478
0.144544478
0.144544478
0.144544478
0.144544478
0.144544478
0.144544478
0.144544478
0.144544478
0.144406852
0.144406852
0.144406852
0.144406852
0.144406852
0.144406852
0.144406852
0.144406852
0.144406852
0.144406852
0.144406852
0.144406852
0.144406852
0.144406852
0.144406852
0.144406852
0.144406852
0.144406852
0.144406852
0.144406852
0.144406852
0.144406852
0.144406852
0.144406852
0.144406852
0.144406852
0.144406852
0.144406852
0.144406852
0.144406852
0.144406852
0.144406852
0.144406852
0.144406852
0.144406852
0.144406852
0.144406852
0.144406852
0.144406852
0.144406852
0.144406852
0.144406852
0.144406852
0.144406852
0.144363718
0.144363718
0.144363718
0.144363718
0.144363718
0.144363718
0.144363718
0.144348965
0.144348965
0.144348965
0.144290656
0.144290656
0.144290656
0.144290656
0.144290656
0.144290656
0.144290656
0.144290656
0.144290656
0.144290656
0.144290656
0.144290656
0.144290656
0.144290656
0.144290656
0.144290656
0.144290656
0.144290656
0.144290656
0.144290656
0.144290656
0.144277809
0.144277809
0.144277809
0.144277809
0.144277809
0.144277809
0.144277809
0.144277809
0.144277809
0.144277809
0.144277809
0.144277809
0.144277809
0.144277809
0.144277809
0.144277809
0.144277809
0.144277809
0.144164372
0.144164372
0.144164372
0.144164372
0.144164372
0.144164372
0.144164372
0.144164372
0.144164372
0.144164372
0.144164372
0.144164372
0.144164372
0.144164372
0.140523177
0.140523177
0.140523177
0.140523177
0.140523177
0.140523177
0.140523177
0.140523177
0.140523177
0.140523177
0.140523177
0.140523177
0.140523177
0.140523177
0.140523177
0.140523177
0.140523177
0.140523177
0.140523177
0.140523177
0.140523177
0.140523177
0.13162983
0.13162983
0.13162983
0.13162983
0.13162983
0.13162983
0.13162983
0.13162983
0.13162983
0.13162983
0.13162983
0.13162983
0.13162983
0.13162983
0.13162983
0.13162983
0.13162983
0.13162983
0.13162983
0.13162983
0.13162983
0.13162983
0.13162983
0.13162983
0.13162983
0.13162983
0.13162983
0.13162983
0.13162983
0.13162983
0.13162983
0.13162983
0.13162983
0.13162983
0.13162983
0.13162983
0.13162983
0.13162983
0.13162983
0.13162983
0.13162983
0.13162983
0.13162983
0.13162983
0.13162983
0.13162983
0.13162983
0.13162983
0.13162983
0.13162983
0.13162983
0.13162983
0.13162983
0.13162983
0.13162983
0.13162983
0.13162983
0.13162983
0.131355681
0.131355681
0.131355681
0.131355681
0.131355681
0.131355681
0.131355681
0.131355681
0.131355681
0.131355681
0.131355681
0.131355681
0.131355681
0.131355681
0.131355681
0.131355681
0.131355681
0.131355681
0.130783514
0.130783514
0.130783514
0.130783514
0.130783514
0.130783514
0.130783514
0.130783514
0.130691011
0.130691011
0.130633296
0.130633296
0.130633296
0.130633296
0.130633296
0.130633296
0.130633296
0.130633296
0.130633296
0.130633296
0.130633296
0.130633296
0.130633296
0.130564395
0.130564395
0.130564395
0.130564395
0.130564395
0.130564395
0.130564395
0.130564395
0.130564395
0.130564395
0.130564395
0.130564395
0.130564395
0.130564395
0.130564395
0.130564395
0.130564395
0.130564395
0.130564395
0.130564395
0.130564395
0.130564395
0.130564395
0.130564395
0.130564395
0.130564395
0.130564395
0.130564395
0.130564395
0.130564395
0.130564395
0.130564395
0.130564395
0.130562992
0.130562992
0.130562992
0.130562992
0.130562992
0.130562992
0.130562992
0.130562992
0.130562992
0.130562992
0.130562992
0.130562992
0.130562992
0.130562992
0.130562992
0.130562992
0.130562992
0.130562992
0.130562992
0.130562992
0.130562992
0.130562992
0.130562992
0.130562992
0.130562992
0.130562992
0.130562992
0.130562992
0.130562992
0.130562992
0.130562992
0.130562992
0.130562992
0.130562992
0.130562992
0.130562992
0.130562992
0.130562992
0.130562992
0.130562992
0.130562992
0.130562992
0.130562992
0.130562992
0.130562992
0.130562992
0.130562992
0.130562992
0.130562992
0.130562992
0.130562992
0.130562992
0.130562992
0.130562992
0.130562992
0.130562992
0.130562992
0.130562992
0.130502656
0.130502656
0.130502656
0.130502656
0.130502656
0.130502656
0.130502656
0.130502656
0.130502656
0.130502656
0.130502656
0.130502656
0.130502656
0.130502656
0.130502656
0.130502656
0.130502656
0.130502656
0.130502656
0.130502656
0.130502656
0.130502656
0.130502656
0.130377194
0.130377194
0.130377194
0.130377194
0.130377194
0.130377194
0.130377194
0.130377194
0.130377194
0.130377194
0.130377194
0.130377194
0.130377194
0.130377194
0.130377194
0.130377194
0.130377194
0.130377194
0.130377194
0.130377194
0.130377194
0.130377194
0.130377194
0.130377194
0.130377194
0.130377194
0.130377194
0.130377194
0.130377194
0.130377194
0.130377194
0.130377194
0.130377194
0.130377194
0.130377194
0.130377194
0.130377194
0.130377194
0.130377194
0.130377194
0.130377194
0.130377194
0.130377194
0.130377194
0.130377194
0.130377194
0.130377194
0.130377194
0.130377194
0.130377194
0.130377194
0.130377194
0.130377194
0.130377194
0.130377194
0.130377194
0.130377194
0.130377194
0.130377194
0.130377194
0.130377194
0.130377194
0.130377194
0.130377194
0.130377194
0.130377194
0.130377194
0.130377194
0.130377194
0.130377194
0.130377194
0.130348986
0.130348986
0.130348986
0.130348986
0.130348986
0.130348986
0.130348986
0.130336203
0.130336203
