0.760305121
0.760305121
0.75980787
0.759399124
0.759399124
0.753144971
0.687976195
0.687976195
0.687976195
0.687976195
0.687976195
0.687976195
0.687976195
0.687976195
0.687976195
0.687976195
0.687976195
0.687976195
0.684747889
0.684747889
0.684747889
0.654341076
0.654341076
0.654341076
0.654341076
0.654341076
0.654341076
0.647372804
0.647372804
0.647372804
0.647372804
0.647372804
0.647372804
0.641193882
0.628590664
0.628590664
0.628590664
0.628590664
0.623596441
0.623596441
0.623596441
0.623596441
0.623596441
0.623596441
0.623596441
0.623596441
0.623596441
0.623596441
0.623596441
0.623596441
0.623596441
0.594565423
0.594565423
0.594565423
0.594565423
0.594565423
0.594565423
0.594565423
0.594565423
0.594565423
0.594565423
0.594565423
0.594565423
0.594565423
0.594565423
0.594565423
0.594565423
0.594565423
0.594565423
0.594565423
0.594108242
0.594108242
0.594108242
0.589519535
0.589519535
0.589519535
0.589519535
0.589519535
0.589519535
0.589519535
0.589519535
0.589519535
0.589519535
0.587908345
0.587908345
0.587908345
0.587908345
0.587908345
0.587908345
0.587908345
0.587908345
0.587908345
0.587908345
0.587908345
0.587908345
0.587908345
0.587908345
0.587908345
0.587908345
0.587908345
0.587908345
0.587908345
0.587908345
0.587908345
0.587908345
0.587908345
0.587908345
0.587908345
0.587908345
0.587908345
0.563272278
0.563272278
0.563272278
0.563272278
0.563272278
0.540283147
0.531542635
0.531542635
0.531542635
0.531542635
0.506363329
0.48866444
0.48866444
0.48866444
0.48866444
0.464335324
0.464335324
0.432436279
0.432436279
0.432436279
0.424031559
0.424031559
0.411785733
0.411785733
0.411785733
0.411785733
0.411785733
0.411785733
0.388518026
0.388518026
0.388518026
0.388518026
0.386025079
0.386025079
0.386025079
0.386025079
0.386025079
0.386025079
0.386025079
0.386025079
0.386025079
0.386025079
0.386025079
0.386025079
0.386025079
0.386025079
0.386025079
0.386025079
0.386025079
0.386025079
0.386025079
0.386025079
0.386025079
0.386025079
0.386025079
0.386025079
0.386025079
0.386025079
0.386025079
0.386025079
0.386025079
0.386025079
0.386025079
0.386025079
0.386025079
0.386025079
0.386025079
0.386025079
0.386025079
0.386025079
0.386025079
0.386025079
0.386025079
0.386025079
0.386025079
0.386025079
0.386025079
0.386025079
0.386025079
0.386025079
0.386025079
0.386025079
0.386025079
0.386025079
0.386025079
0.386025079
0.386025079
0.386025079
0.386025079
0.386025079
0.386025079
0.386025079
0.386025079
0.386025079
0.386025079
0.386025079
0.386025079
0.384578702
0.384578702
0.384578702
0.384578702
0.384578702
0.384578702
0.384578702
0.384578702
0.384578702
0.384578702
0.384578702
0.384578702
0.384578702
0.384578702
0.384578702
0.384578702
0.384578702
0.384578702
0.384578702
0.384578702
0.384578702
0.384578702
0.384578702
0.384578702
0.384578702
0.384578702
0.384578702
0.384578702
0.384578702
0.384578702
0.384578702
0.384578702
0.384578702
0.384578702
0.384578702
0.384578702
0.384578702
0.384578702
0.384578702
0.384578702
0.384578702
0.384578702
0.384578702
0.384578702
0.384578702
0.384578702
0.384578702
0.384578702
0.384578702
0.384578702
0.384578702
0.384578702
0.384578702
0.384578702
0.384578702
0.384578702
0.384578702
0.384578702
0.384578702
0.384578702
0.384578702
0.384578702
0.384578702
0.384578702
0.384578702
0.384578702
0.384578702
0.384578702
0.384578702
0.384578702
0.384578702
0.384578702
0.384578702
0.384578702
0.384578702
0.384578702
0.384578702
0.384578702
0.384578702
0.384578702
0.384578702
0.384578702
0.384578702
0.384578702
0.384578702
0.384578702
0.384578702
0.384578702
0.384578702
0.384578702
0.384578702
0.384578702
0.384578702
0.384578702
0.384578702
0.384578702
0.384578702
0.384578702
0.384578702
0.384578702
0.384578702
0.384578702
0.384578702
0.384578702
0.384578702
0.384578702
0.384578702
0.384578702
0.384578702
0.384578702
0.384578702
0.384578702
0.384578702
0.384578702
0.384578702
0.384578702
0.384578702
0.384578702
0.384578702
0.384578702
0.384578702
0.384578702
0.384578702
0.384578702
0.384578702
0.384578702
0.384578702
0.384578702
0.384578702
0.384578702
0.384578702
0.384578702
0.384578702
0.384578702
0.384578702
0.384578702
0.384578702
0.384578702
0.384578702
0.384578702
0.384578702
0.384578702
0.384578702
0.384578702
0.384578702
0.384578702
0.384578702
0.384578702
0.384578702
0.384578702
0.384578702
0.384578702
0.384578702
0.384578702
0.384578702
0.384578702
0.384578702
0.384578702
0.384578702
0.384578702
0.384578702
0.384578702
0.384578702
0.384578702
0.384578702
0.384578702
0.384578702
0.384578702
0.384578702
0.384578702
0.384578702
0.384578702
0.384578702
0.384578702
0.384578702
0.384578702
0.384578702
0.384578702
0.384578702
0.384578702
0.384578702
0.384578702
0.384578702
0.384578702
0.384578702
0.384578702
0.384578702
0.384578702
0.384578702
0.384578702
0.384578702
0.384578702
0.384578702
0.384578702
0.384578702
0.384578702
0.384578702
0.384578702
0.384578702
0.384578702
0.384578702
0.384578702
0.384578702
0.384578702
0.384578702
0.384578702
0.384578702
0.384578702
0.384578702
0.384578702
0.384578702
0.384578702
0.384578702
0.384578702
0.384578702
0.384578702
0.384578702
0.384578702
0.384578702
0.384578702
0.384578702
0.384578702
0.384578702
0.384578702
0.384578702
0.384578702
0.384578702
0.384578702
0.384578702
0.384578702
0.384578702
0.384578702
0.384578702
0.384578702
0.384578702
0.384578702
0.384578702
0.384578702
0.384578702
0.384578702
0.384578702
0.384578702
0.384578702
0.384578702
0.384578702
0.384578702
0.384578702
0.384578702
0.384578702
0.384578702
0.384578702
0.384578702
0.384578702
0.384578702
0.384578702
0.384578702
0.384578702
0.384578702
0.384578702
0.384578702
0.384578702
0.384578702
0.384578702
0.384578702
0.384578702
0.384578702
0.384578702
0.384578702
0.384578702
0.384578702
0.384578702
0.384578702
0.384578702
0.384578702
0.384578702
0.384578702
0.384578702
0.384578702
0.384578702
0.384578702
0.384578702
0.384578702
0.384578702
0.384578702
0.384578702
0.384578702
0.384578702
0.384578702
0.384578702
0.384578702
0.384578702
0.384578702
0.384578702
0.384578702
0.384578702
0.384578702
0.384578702
0.384578702
0.384578702
0.384578702
0.384578702
0.384578702
0.384578702
0.384578702
0.384578702
0.384578702
0.384578702
0.384578702
0.384578702
0.384578702
0.384578702
0.384578702
0.384578702
0.384578702
0.384578702
0.384578702
0.384578702
0.384578702
0.384578702
0.384578702
0.384578702
0.384578702
0.384578702
0.384578702
0.384578702
0.384578702
0.384578702
0.384578702
0.384578702
0.384578702
0.384578702
0.384578702
0.384578702
0.384578702
0.384578702
0.384578702
0.384578702
0.384578702
0.384578702
0.384578702
0.384578702
0.384578702
0.384578702
0.384578702
0.384578702
0.384578702
0.384578702
0.384578702
0.384578702
0.384578702
0.384578702
0.384578702
0.384578702
0.384578702
0.384578702
0.384578702
0.384578702
0.384578702
0.384578702
0.384578702
0.384578702
0.384578702
0.384578702
0.384578702
0.384578702
0.384578702
0.384578702
0.384578702
0.384578702
0.384578702
0.384578702
0.384578702
0.384578702
0.384578702
0.384578702
0.384578702
0.384578702
0.384578702
0.384578702
0.384578702
0.384578702
0.384578702
0.384578702
0.384578702
0.384578702
0.384578702
0.384578702
0.384578702
0.384578702
0.384578702
0.384578702
0.384578702
0.384578702
0.384578702
0.384578702
0.384578702
0.384578702
0.384578702
0.384578702
0.384578702
0.384578702
0.384578702
0.384578702
0.384578702
0.384578702
0.384578702
0.384578702
0.384578702
0.384578702
0.384578702
0.384578702
0.384578702
0.384578702
0.384578702
0.384578702
0.384578702
0.384578702
0.384578702
0.384578702
0.384578702
0.384578702
0.384578702
0.384578702
0.384578702
0.384578702
0.384578702
0.384578702
0.384578702
0.384578702
0.384578702
0.384578702
0.384578702
0.384578702
0.384578702
0.384578702
0.384578702
0.384578702
0.384578702
0.384578702
0.384578702
0.384578702
0.384578702
0.384578702
0.384578702
0.384578702
0.384578702
0.384578702
0.384578702
0.384578702
0.384578702
0.384578702
0.384578702
0.384578702
0.384578702
0.384578702
0.384578702
0.384578702
0.384578702
0.384578702
0.384578702
0.384578702
0.384578702
0.384578702
0.384578702
0.384578702
0.384578702
0.384578702
0.384578702
0.384578702
0.384578702
0.384578702
0.384578702
0.384578702
0.384578702
0.384578702
0.384578702
0.384578702
0.384578702
0.384578702
0.384578702
0.384578702
0.384578702
0.384578702
0.382059007
0.382059007
0.382059007
0.382059007
0.382059007
0.382059007
0.382059007
0.382059007
0.382059007
0.382059007
0.382059007
0.382059007
0.382059007
0.382059007
0.382059007
0.382059007
0.382059007
0.382059007
0.382059007
0.382059007
0.382059007
0.382059007
0.382059007
0.382059007
0.382059007
0.382059007
0.382059007
0.382059007
0.382059007
0.382059007
0.382059007
0.382059007
0.382059007
0.382059007
0.382059007
0.382059007
0.382059007
0.382059007
0.382059007
0.382059007
0.382059007
0.382059007
0.382059007
0.382059007
0.382059007
0.382059007
0.382059007
0.382059007
0.382059007
0.382059007
0.382059007
0.375054429
0.375054429
0.375054429
0.375054429
0.375054429
0.375054429
0.375054429
0.375054429
0.375054429
0.375054429
0.375054429
0.375054429
0.375054429
0.375054429
0.375054429
0.375054429
0.375054429
0.375054429
0.375054429
0.375054429
0.375054429
0.375054429
0.375054429
0.375054429
0.375054429
0.37231484
0.37231484
0.37231484
0.37231484
0.37231484
0.37231484
0.37231484
0.37231484
0.37231484
0.37231484
0.37231484
0.37231484
0.37231484
0.37231484
0.37231484
0.37231484
0.37231484
0.37231484
0.37231484
0.37231484
0.37231484
0.37231484
0.37231484
0.37231484
0.37231484
0.37231484
0.37231484
0.37231484
0.37231484
0.37231484
0.37231484
0.37231484
0.37231484
0.37231484
0.37231484
0.37231484
0.37231484
0.37231484
0.37231484
0.37231484
0.37231484
0.37231484
0.37231484
0.37231484
0.37231484
0.37231484
0.37231484
0.37231484
0.37231484
0.37231484
0.37231484
0.37231484
0.37231484
0.37231484
0.37231484
0.37231484
0.37231484
0.37231484
0.37231484
0.37231484
0.37231484
0.37231484
0.37231484
0.37231484
0.37231484
0.37231484
0.37231484
0.37231484
0.37231484
0.37231484
0.37231484
0.37231484
0.37231484
0.37231484
0.37231484
0.37231484
0.37231484
0.37231484
0.37231484
0.37231484
0.37231484
0.37231484
0.37231484
0.37231484
0.37231484
0.37231484
0.37231484
0.37231484
0.37231484
0.37231484
0.37231484
0.37231484
0.37231484
0.37231484
0.37231484
0.37231484
0.37231484
0.37231484
0.37231484
0.37231484
0.37231484
0.37231484
0.37231484
0.37231484
0.37231484
0.37231484
0.37231484
0.37231484
0.37231484
0.37231484
0.37231484
0.37231484
0.37231484
0.37231484
0.37231484
0.37231484
0.37231484
0.37231484
0.37231484
0.37231484
0.37231484
0.37231484
0.37231484
0.37231484
0.37231484
0.37231484
0.37231484
0.37231484
0.37231484
0.37231484
0.37231484
0.37231484
0.37231484
0.37231484
0.37231484
0.37231484
0.37231484
0.37231484
0.37231484
0.37231484
0.37231484
0.37231484
0.37231484
0.37231484
0.37231484
0.37231484
0.37231484
0.37231484
0.37231484
0.37231484
0.37231484
0.37231484
0.37231484
0.37231484
0.37231484
0.37231484
0.37231484
0.37231484
0.37231484
0.37231484
0.37231484
0.37231484
0.37231484
0.37231484
0.37231484
0.37231484
0.37231484
0.37231484
0.37231484
0.37231484
0.37231484
0.37231484
0.37231484
0.37231484
0.37231484
0.37231484
0.37231484
0.37231484
0.37231484
0.37231484
0.37231484
0.37231484
0.37231484
0.37231484
0.37231484
0.37231484
0.37231484
0.37231484
0.37231484
0.37231484
0.37231484
0.37231484
0.37231484
0.37231484
0.37231484
0.37231484
0.37231484
0.37231484
0.37231484
0.37231484
0.37231484
0.37231484
0.37231484
0.37231484
0.37231484
0.37231484
0.37231484
0.37231484
0.37231484
0.37231484
0.37231484
0.37231484
0.37231484
0.37231484
0.37231484
0.37231484
0.37231484
0.37231484
0.37231484
0.37231484
0.37231484
0.37231484
0.37231484
0.37231484
0.37231484
0.37231484
0.37231484
0.37231484
0.37231484
0.37231484
0.37231484
0.37231484
0.37231484
0.37231484
