0.758553572
0.648562789
0.648562789
0.648562789
0.648562789
0.648562789
0.648562789
0.648562789
0.648562789
0.648562789
0.648562789
0.647939632
0.647939632
0.647939632
0.647939632
0.647939632
0.647939632
0.647939632
0.647939632
0.647939632
0.647939632
0.647415641
0.647415641
0.647415641
0.647415641
0.647415641
0.647415641
0.647415641
0.647415641
0.638914123
0.638914123
0.638914123
0.638914123
0.638914123
0.636231629
0.636231629
0.636231629
0.636231629
0.636231629
0.636231629
0.636231629
0.636231629
0.636231629
0.636231629
0.636231629
0.635631553
0.635631553
0.635631553
0.635631553
0.635631553
0.635631553
0.635631553
0.635631553
0.635631553
0.635631553
0.635631553
0.635631553
0.635631553
0.635631553
0.635631553
0.635631553
0.635631553
0.635631553
0.635631553
0.635631553
0.635631553
0.635631553
0.635631553
0.635631553
0.635631553
0.635631553
0.635631553
0.635631553
0.635631553
0.635631553
0.635631553
0.635631553
0.635631553
0.635631553
0.635631553
0.635631553
0.635631553
0.635631553
0.635631553
0.635631553
0.635631553
0.635631553
0.635631553
0.635631553
0.635631553
0.635631553
0.635631553
0.635631553
0.635631553
0.635631553
0.635631553
0.635631553
0.635631553
0.635631553
0.635631553
0.635631553
0.635631553
0.635631553
0.590876492
0.590876492
0.590876492
0.590876492
0.590876492
0.590876492
0.590876492
0.590876492
0.376548524
0.376548524
0.376548524
0.376548524
0.376548524
0.376548524
0.376548524
0.360861374
0.360861374
0.360861374
0.360861374
0.360861374
0.360861374
0.360861374
0.360861374
0.360861374
0.358943451
0.32421495
0.32421495
0.296940842
0.296940842
0.296940842
0.296940842
0.296940842
0.296940842
0.296940842
0.296940842
0.296874677
0.266554766
0.266554766
0.266554766
0.266554766
0.266554766
0.266554766
0.266554766
0.266554766
0.259327919
0.259327919
0.259327919
0.259327919
0.259327919
0.259327919
0.259327919
0.259327919
0.259327919
0.259327919
0.259327919
0.259327919
0.259327919
0.259327919
0.259327919
0.259327919
0.259327919
0.256075572
0.256075572
0.256075572
0.256075572
0.25562108
0.25562108
0.25562108
0.25562108
0.25562108
0.255519553
0.255519553
0.255519553
0.255519553
0.255519553
0.255294441
0.255294441
0.255294441
0.204927033
0.204927033
0.204927033
0.204927033
0.204927033
0.204927033
0.204927033
0.204927033
0.204927033
0.204927033
0.204927033
0.204927033
0.204927033
0.204927033
0.204927033
0.204927033
0.204927033
0.199544216
0.199544216
0.199544216
0.199544216
0.199544216
0.199052702
0.199052702
0.199052702
0.199052702
0.172707981
0.172707981
0.172707981
0.172707981
0.172707981
0.172707981
0.172707981
0.172707981
0.172707981
0.172707981
0.172707981
0.172707981
0.160932885
0.160932885
0.160932885
0.160932885
0.160932885
0.154063194
0.154063194
0.154063194
0.154063194
0.154063194
0.154063194
0.154063194
0.150863527
0.14236084
0.14236084
0.14236084
0.14236084
0.14236084
0.14236084
0.14236084
0.14236084
0.14236084
0.14236084
0.14236084
0.14236084
0.14236084
0.14236084
0.14236084
0.14236084
0.14236084
0.14236084
0.14236084
0.14236084
0.14236084
0.14236084
0.14236084
0.14236084
0.14236084
0.14236084
0.14236084
0.142343707
0.142343707
0.142343707
0.138016255
0.138016255
0.138016255
0.138016255
0.138016255
0.138016255
0.138016255
0.138016255
0.138016255
0.138016255
0.138016255
0.138016255
0.138016255
0.138016255
0.138016255
0.138016255
0.138016255
0.138016255
0.138016255
0.138016255
0.138016255
0.138016255
0.138016255
0.138016255
0.138016255
0.138016255
0.138016255
0.138016255
0.138016255
0.138016255
0.138016255
0.138016255
0.138016255
0.138016255
0.138016255
0.138016255
0.138016255
0.138016255
0.138016255
0.138016255
0.138016255
0.138016255
0.138016255
0.138016255
0.138016255
0.138016255
0.138016255
0.138016255
0.138016255
0.138016255
0.138016255
0.138016255
0.138016255
0.138016255
0.138016255
0.138016255
0.138016255
0.138016255
0.138016255
0.138016255
0.138016255
0.138016255
0.138016255
0.11061158
0.11061158
0.11061158
0.11061158
0.103464363
0.103464363
0.103464363
0.103464363
0.103464363
0.103464363
0.103464363
0.103464363
0.0955431936
0.0955431936
0.0955431936
0.0955431936
0.0955431936
0.0955431936
0.0955431936
0.0955431936
0.0955431936
0.0955431936
0.0955431936
0.0955431936
0.0955431936
0.0955431936
0.0945558357
0.0945558357
0.0945558357
0.0945558357
0.0945558357
0.0945558357
0.0945558357
0.0945558357
0.0945558357
0.0945558357
0.0945558357
0.0945558357
0.0945558357
0.0945558357
0.0945558357
0.0945558357
0.0945558357
0.0945558357
0.0945558357
0.0945558357
0.0945558357
0.0945558357
0.0945558357
0.0945558357
0.0945558357
0.0945558357
0.0945558357
0.0945558357
0.0945558357
0.0945558357
0.0945558357
0.0945558357
0.0945558357
0.0945558357
0.0945558357
0.0945558357
0.0945558357
0.0945558357
0.0945558357
0.0945558357
0.0945558357
0.0945558357
0.0945558357
0.0945558357
0.0945558357
0.0945558357
0.0945558357
0.0945558357
0.0945558357
0.0945558357
0.0945558357
0.0945558357
0.0945558357
0.0945558357
0.0945558357
0.0945558357
0.0945558357
0.0945558357
0.0945558357
0.0945558357
0.0945558357
0.0945558357
0.0945558357
0.0945558357
0.0940737597
0.0940737597
0.0940737597
0.0940737597
0.0940737597
0.0940737597
0.0940737597
0.0940737597
0.0940737597
0.0940737597
0.0940737597
0.0940737597
0.0940737597
0.0940737597
0.0940737597
0.0940737597
0.0940737597
0.0940737597
0.0940737597
0.0940737597
0.0940737597
0.0940737597
0.0940737597
0.0940737597
0.0940737597
0.0940737597
0.0940737597
0.0940737597
0.0940737597
0.0940737597
0.0940737597
0.0940737597
0.0940737597
0.0940737597
0.0940737597
0.0940737597
0.0940737597
0.0940737597
0.0940737597
0.0940737597
0.0940737597
0.0940737597
0.0940737597
0.0927515507
0.0927515507
0.0927515507
0.0927515507
0.0927515507
0.0927515507
0.0927515507
0.0927515507
0.0927515507
0.0927515507
0.0927515507
0.0927515507
0.0927515507
0.0927515507
0.0927515507
0.0927515507
0.0927515507
0.0927515507
0.0927515507
0.0927515507
0.0927515507
0.0927515507
0.0927515507
0.0927515507
0.0927515507
0.0927515507
0.0927515507
0.0927515507
0.0927515507
0.0927515507
0.0927515507
0.0927515507
0.0927515507
0.0927515507
0.0927515507
0.0927515507
0.0927515507
0.0927515507
0.0927515507
0.0927515507
0.0927515507
0.0927515507
0.0927515507
0.0927515507
0.0927515507
0.0927515507
0.0927515507
0.0927515507
0.0927515507
0.0927515507
0.0927515507
0.0927515507
0.0927515507
0.0927515507
0.0927515507
0.0925422473
0.0925422473
0.0925422473
0.0925422473
0.0925422473
0.0925422473
0.0925422473
0.0925422473
0.0925422473
0.0925422473
0.0925422473
0.0925422473
0.0894325369
0.0894325368
0.0894325368
0.0894325368
0.0894325368
0.0894325368
0.0894325368
0.0894325368
0.0894325368
0.0894325368
0.0894325368
0.0894325368
0.0894325368
0.0894325368
0.0894325368
0.0894325368
0.0894325368
0.0894325368
0.0894325368
0.0894325368
0.0894325368
0.0894325368
0.0894325368
0.0894325368
0.0894325368
0.0894325368
0.0894325368
0.0894325368
0.0894325368
0.0894325368
0.0894325368
0.0894325368
0.0894325368
0.0894325368
0.0894325368
0.0894325368
0.0894325368
0.0894325368
0.0894325368
0.0894325368
0.0894325368
0.0894325368
0.0894325368
0.0894325368
0.0894325368
0.0894325368
0.0894325368
0.088958288
0.088958288
0.088958288
0.088958288
0.088958288
0.088958288
0.088958288
0.088958288
0.088958288
0.088958288
0.088958288
0.088958288
0.088958288
0.088958288
0.088958288
0.088958288
0.088958288
0.088958288
0.088958288
0.088958288
0.088958288
0.088958288
0.088958288
0.088958288
0.088958288
0.088958288
0.088958288
0.088958288
0.088958288
0.088958288
0.088958288
0.088958288
0.088958288
0.088958288
0.088958288
0.088958288
0.088958288
0.088958288
0.088958288
0.088958288
0.088958288
0.088958288
0.088958288
0.088958288
0.088958288
0.088958288
0.088958288
0.088958288
0.088958288
0.088958288
0.088958288
0.088958288
0.088958288
0.088958288
0.088958288
0.088958288
0.088958288
0.088958288
0.088958288
0.088958288
0.088958288
0.088958288
0.088958288
0.088958288
0.088958288
0.088958288
0.088958288
0.088958288
0.088958288
0.088958288
0.088958288
0.088958288
0.088958288
0.088958288
0.088958288
0.088958288
0.088958288
0.088958288
0.088958288
0.088958288
0.088958288
0.088958288
0.088958288
0.088958288
0.088958288
0.088958288
0.088958288
0.088958288
0.088958288
0.088958288
0.088958288
0.088958288
0.088958288
0.088958288
0.088958288
0.088958288
0.088958288
0.0887816657
0.0887816657
0.0887816657
0.0887816657
0.0887816657
0.0887816657
0.0887308201
0.0887308201
0.0887308201
0.0887308201
0.0887308201
0.0887308201
0.0887308201
0.0887308201
0.0887308201
0.0887308201
0.0887308201
0.0887308201
0.0887308201
0.0887308201
0.0887308201
0.0887308201
0.0887308201
0.0887308201
0.0887308201
0.0887308201
0.0887308201
0.0887308201
0.0887308201
0.0887308201
0.0887308201
0.0887308201
0.0887308201
0.0887308201
0.0887308201
0.0887308201
0.0887308201
0.0887308201
0.0845014498
0.0845014498
0.0845014498
0.0845014498
0.0845014498
0.0845014498
0.0845014498
0.0845014498
0.0845014498
0.0845014498
0.0845014498
0.0845014498
0.0845014498
0.0845014498
0.0845014498
0.0845014498
0.0845014498
0.0845014498
0.0845014498
0.0845014498
0.0845014498
0.0845014498
0.0845014498
0.0845014498
0.0845014498
0.0845014498
0.0845014498
0.0845014498
0.0845014498
0.0845014498
0.0845014498
0.0845014498
0.0845014498
0.0845014498
0.0845014498
0.0845014498
0.0845014498
0.0845014498
0.0845014498
0.0845014498
0.0845014498
0.0845014498
0.0845014498
0.0845014498
0.0845014498
0.0845014498
0.0845014498
0.0845014498
0.0845014498
0.0845014498
0.0845014498
0.0845014498
0.0845014498
0.0845014498
0.0845014498
0.0845014498
0.0840667845
0.0840667845
0.0840667845
0.0840667845
0.0840667845
0.0840667845
0.0840667845
0.0840667845
0.0840667845
0.0840667845
0.0840667845
0.0840667845
0.0840667845
0.0840667845
0.0840667845
0.0840667845
0.0840667845
0.0840667845
0.0840667845
0.0840667845
0.0840667845
0.0840667845
0.0840667845
0.0840667845
0.0840667845
0.0840667845
0.0840667845
0.0840667845
0.0840667845
0.0840667845
0.0840667845
0.0840667845
0.0840667845
0.0840667845
0.0840667845
0.0840667845
0.0840667845
0.0840667845
0.0840667845
0.0840667845
0.0840667845
0.0840667845
0.0840667845
0.0840667845
0.0840667845
0.0840667845
0.0840667845
0.0840667845
0.0840667845
0.0840667845
0.0840667845
0.0840667845
0.0840667845
0.0840667845
0.0840667845
0.0840667845
0.0840667845
0.0840667845
0.0840667845
0.0840667845
0.0840667845
0.0840667845
0.0840667845
0.0840667845
0.0840667845
0.0840667845
0.0840667845
0.0840667845
0.0840667845
0.0840667845
0.0840667845
0.0840667845
0.0840667845
0.0840667845
0.0840667845
0.0840667845
0.0840667845
0.0840667845
0.0840667845
0.0840667845
0.0840667845
0.0840667845
0.0840667845
0.0840667845
0.0840667845
0.0840667845
0.0840667845
0.0840667845
0.0840667845
0.0840667845
0.0840667845
0.0840667845
0.0840667845
0.0840667845
0.0840667845
0.0840667845
0.0840667845
0.0840667845
0.0840667845
0.0840667845
0.0840667845
0.0840667845
0.0840667845
0.0840667845
0.0840667845
0.0840667845
0.0840667845
0.0840667845
0.0840667845
0.0840667845
0.0840667845
0.0840667845
0.0840667845
0.0840667845
0.0840667845
0.0840667845
0.0840667845
0.0840667845
0.0840667845
0.0840667845
0.0840667845
0.0840667845
0.0840667845
0.0840667845
0.0840667845
0.0840667845
0.0840667845
0.0840667845
0.0840667845
0.0840667845
0.0840667845
0.0840667845
0.0840667845
0.0840667845
0.0840667845
0.0840667845
0.0840667845
0.0840667845
0.0840667845
0.0840667845
0.0840667845
0.0840667845
0.0840667845
0.0840667845
0.0840667845
0.0840667845
0.0840667845
0.0840667845
0.0840667845
0.0840667845
0.0840667845
0.0840667845
0.0840667845
0.0840667845
0.0840667845
0.0840667845
0.0840667845
0.0840667845
0.0840667845
0.0840667845
0.0840667845
0.0840667845
0.0840667845
0.0840667845
0.0840667845
0.0840667845
0.0840667845
0.0840667845
0.0840667845
0.0840667845
0.0840667845
0.0840667845
0.0840667845
0.0840667845
0.0840667845
0.0840667845
0.0840667845
0.0840667845
0.0840667845
0.0840667845
0.0840667845
0.0840667845
0.0840667845
0.0840667845
0.0840667845
0.0840667845
0.0840667845
0.0840667845
0.0840667845
0.0840667845
0.0840667845
0.0840667845
0.0840667845
0.0840667845
0.0840667845
0.0840667845
0.0840667845
0.0840667845
0.0840667845
0.0840667845
0.0840667845
0.0840667845
0.0840667845
0.0840667845
0.0840667845
0.0840667845
0.0840667845
0.0840667845
0.0840667845
0.0840667845
0.0840667845
0.0840667845
0.0840667845
0.0840667845
0.0840667845
0.0840667845
0.0840667845
0.0840667845
0.0840667845
0.0840667845
0.0840667845
0.0840667845
0.0840667845
0.0840667845
0.0840667845
0.0840667845
0.0840667845
0.0840667845
0.0840667845
0.0840667845
0.0840667845
0.0840667845
0.0840667845
0.0840667845
0.0840667845
0.0840667845
0.0840667845
