0.775530826
0.770221909
0.765249124
0.765249124
0.683632359
0.683632359
0.683632359
0.683632359
0.677150821
0.677150821
0.677150821
0.677150821
0.677150821
0.658630571
0.658630571
0.658630571
0.658630571
0.658630571
0.658630571
0.658630571
0.658630571
0.469470854
0.469470854
0.469470854
0.453846217
0.45091971
0.450891336
0.450738534
0.450738534
0.450738534
0.441818889
0.435985038
0.435985038
0.435983661
0.435983661
0.435983661
0.435983661
0.435983661
0.435983661
0.435983661
0.435983661
0.435983661
0.430200989
0.430200989
0.430200989
0.391184278
0.333619411
0.333619411
0.333619411
0.333619411
0.329667025
0.329667025
0.329667025
0.329667025
0.329667025
0.329667025
0.329667025
0.329558725
0.329558725
0.329558725
0.329558725
0.329558725
0.329558725
0.329558725
0.329558725
0.329540611
0.329540611
0.329540611
0.329540611
0.329540611
0.329540611
0.327744984
0.327744984
0.327744984
0.325987372
0.325987372
0.325987372
0.325987372
0.325987372
0.325987372
0.325987372
0.325987372
0.325987372
0.325987372
0.325987372
0.325987372
0.325987372
0.325987372
0.325987372
0.325987372
0.325987372
0.325987372
0.325987372
0.325987372
0.325987372
0.325987372
0.325987372
0.325987372
0.325987372
0.325987372
0.325987372
0.325987372
0.325987372
0.325987372
0.325987372
0.325987372
0.325987372
0.325987372
0.325987372
0.325987372
0.325987372
0.325987372
0.325987372
0.325978889
0.325978889
0.325978889
0.325978889
0.325978889
0.325978889
0.325978889
0.325978889
0.325978889
0.325978889
0.325978889
0.325978889
0.325978889
0.325978889
0.325978889
0.325978889
0.325978889
0.325978889
0.325978889
0.307373896
0.307373896
0.307373896
0.307373896
0.307373896
0.307373896
0.307373896
0.307373896
0.307373896
0.307373896
0.307373896
0.307367223
0.307367223
0.307367223
0.307367223
0.307367223
0.307367223
0.307354965
0.307354965
0.279795664
0.279795664
0.279795664
0.279795664
0.279795664
0.279795664
0.279795664
0.279795664
0.279795664
0.279795664
0.279795664
0.279795664
0.279795664
0.279795664
0.279795664
0.279795664
0.279795664
0.279795664
0.279795664
0.279795664
0.279795664
0.279795664
0.279795664
0.279795664
0.279795664
0.279795664
0.279795664
0.279795664
0.279795664
0.279795664
0.279795664
0.279795664
0.279795664
0.279795664
0.279795664
0.279795664
0.279795664
0.279795664
0.279795664
0.275052672
0.275052672
0.275052672
0.275052672
0.275052672
0.275052672
0.275052672
0.275052672
0.275052672
0.275052672
0.275052672
0.275052672
0.275052672
0.275052672
0.275052672
0.275052672
0.275052672
0.275052672
0.275052672
0.275052672
0.275052672
0.275052672
0.275052672
0.275052672
0.275052672
0.275052672
0.274540028
0.274540028
0.274540028
0.268706827
0.268706827
0.268706827
0.268706827
0.268706827
0.268687434
0.268687434
0.268687434
0.268687434
0.268687434
0.268687434
0.268687434
0.268687434
0.268687434
0.268687434
0.268687434
0.268687434
0.268687434
0.268687434
0.268687434
0.268687434
0.268687434
0.268687434
0.268687434
0.268687434
0.268687434
0.268687434
0.268687434
0.268687434
0.268687434
0.268687434
0.268687434
0.268687434
0.268687434
0.268687434
0.268687434
0.268687434
0.268687434
0.268687434
0.268687434
0.268687434
0.268687434
0.268687434
0.268687434
0.268687434
0.268687434
0.268687434
0.268687434
0.268687434
0.268687434
0.268687434
0.268687434
0.268687434
0.268687434
0.268687434
0.268687434
0.268687434
0.268687434
0.268687434
0.268687434
0.268687434
0.268687434
0.268687434
0.268687434
0.268687434
0.268687434
0.268687434
0.268687434
0.268687434
0.268687434
0.268687434
0.268687434
0.268687434
0.268687434
0.268687434
0.268687434
0.268687434
0.268687434
0.268687434
0.268687434
0.268687434
0.268687434
0.268687434
0.268687434
0.268687434
0.268687434
0.268687434
0.268687434
0.268687434
0.268687434
0.268687434
0.268687434
0.268687434
0.268687434
0.268687434
0.268687434
0.268687434
0.268687434
0.268687434
0.268687434
0.268687434
0.268687434
0.268687434
0.268687434
0.268687434
0.268687434
0.268687434
0.268687434
0.268687434
0.268687434
0.268687434
0.268687434
0.268687434
0.268687434
0.268687434
0.268687434
0.268687434
0.268687434
0.268687434
0.268687434
0.268687434
0.268687434
0.268687434
0.268687434
0.268687434
0.268687434
0.268687434
0.268687434
0.268687434
0.268687434
0.268687434
0.268687434
0.268687434
0.268687434
0.268687434
0.268687434
0.268687434
0.268687434
0.268687434
0.268687434
0.268687434
0.268687434
0.268687434
0.268687434
0.268687434
0.268687434
0.268687434
0.268687434
0.268687434
0.268687434
0.268687434
0.268687434
0.268687434
0.268687434
0.268687434
0.268687434
0.268687434
0.268687434
0.268687434
0.268687434
0.268687434
0.268687434
0.268687434
0.268687434
0.268687434
0.268687434
0.268687434
0.268687434
0.268687434
0.268687434
0.268687434
0.268687434
0.268687434
0.268687434
0.268687434
0.268687434
0.268687434
0.268687434
0.268687434
0.268687434
0.268687434
0.268687434
0.268687434
0.268687434
0.268687434
0.268687434
0.268687434
0.268687434
0.268687434
0.268687434
0.268687434
0.268687434
0.268687434
0.268687434
0.268687434
0.268687434
0.268687434
0.268687434
0.268687434
0.268687434
0.268687434
0.268687434
0.268687434
0.268687434
0.268687434
0.268687434
0.268687434
0.268687434
0.268687434
0.268687434
0.268687434
0.268687434
0.268687434
0.268687434
0.268687434
0.268687434
0.268687434
0.268687434
0.268687434
0.268687434
0.268687434
0.268687434
0.268687434
0.268687434
0.268687434
0.268687434
0.268687434
0.268687434
0.268687434
0.268687434
0.268687434
0.268687434
0.268687434
0.268687434
0.268687434
0.268687434
0.268687434
0.268687434
0.268687434
0.268687434
0.268687434
0.268687434
0.268687434
0.268687434
0.268687434
0.268687434
0.268687434
0.268687434
0.268687434
0.268687434
0.268687434
0.268687434
0.268687434
0.268687434
0.268687434
0.268687434
0.268687434
0.268687434
0.268687434
0.268687434
0.268687434
0.268687434
0.268687434
0.268687434
0.268687434
0.268687434
0.268687434
0.268687434
0.268687434
0.268687434
0.268687434
0.268687434
0.268687434
0.268687434
0.268687434
0.268687434
0.268687434
0.268687434
0.268687434
0.268687434
0.268687434
0.268687434
0.268687434
0.268687434
0.268687434
0.268687434
0.268687434
0.268687434
0.268687434
0.268687434
0.268687434
0.268687434
0.268687434
0.268687434
0.268687434
0.268687434
0.268687434
0.268687434
0.268687434
0.268687434
0.268687434
0.268687434
0.268687434
0.268687434
0.268687434
0.268687434
0.268687434
0.268687434
0.268687434
0.268687434
0.268687434
0.268687434
0.268687434
0.268687434
0.268687434
0.268687434
0.268687434
0.268687434
0.268687434
0.268687434
0.268687434
0.268687434
0.268687434
0.268687434
0.268687434
0.268687434
0.268687434
0.268687434
0.268687434
0.268687434
0.268687434
0.268687434
0.268687434
0.268687434
0.268687434
0.268687434
0.268687434
0.268687434
0.268687434
0.268687434
0.268687434
0.268687434
0.268687434
0.268687434
0.268687434
0.268687434
0.268687434
0.268687434
0.268687434
0.268687434
0.268687434
0.268687434
0.268687434
0.268687434
0.268687434
0.268687434
0.268687434
0.268687434
0.268687434
0.268687434
0.268687434
0.268687434
0.268687434
0.268687434
0.268687434
0.268687434
0.268687434
0.268687434
0.268687434
0.268687434
0.268687434
0.268687434
0.268687434
0.268687434
0.268687434
0.268687434
0.268687434
0.268687434
0.268687434
0.268687434
0.268687434
0.268687434
0.268687434
0.268687434
0.268687434
0.268687434
0.268687434
0.268687434
0.268687434
0.268687434
0.268687434
0.268687434
0.268687434
0.268687434
0.268687434
0.268687434
0.268687434
0.268687434
0.268687434
0.268653332
0.268653332
0.268653332
0.268653332
0.268653332
0.268653332
0.268653332
0.268400016
0.268400016
0.268400016
0.268400016
0.268400016
0.268400016
0.268400016
0.268381668
0.268381668
0.268381668
0.268381668
0.268381668
0.268381668
0.268381668
0.268381668
0.268381668
0.268381668
0.268381668
0.268381668
0.268381668
0.268381668
0.268381668
0.268381668
0.268381668
0.268381668
0.268381668
0.268381668
0.268381668
0.268381668
0.268381668
0.268381668
0.268381668
0.268381668
0.268381668
0.268381668
0.268381668
0.268381668
0.268381668
0.268381668
0.268381668
0.268381668
0.268381668
0.268381668
0.268381668
0.268381668
0.268381668
0.268381668
0.268381668
0.268381668
0.268381668
0.268381668
0.268381668
0.268381668
0.268381668
0.268381668
0.268381668
0.268381668
0.268381668
0.268381668
0.268381668
0.268381668
0.268381668
0.268381668
0.268381668
0.268381668
0.268381668
0.268381668
0.268381668
0.268381668
0.268381668
0.268381668
0.268381668
0.268381668
0.268381668
0.268381668
0.268381668
0.268381668
0.268381668
0.268381668
0.268381668
0.268381668
0.268381668
0.268381668
0.268381668
0.268381668
0.268381668
0.268381668
0.268381668
0.268381668
0.268381668
0.268381668
0.268381668
0.268381668
0.268381668
0.268381668
0.268381668
0.268381668
0.268381668
0.268381668
0.268381668
0.268381668
0.268361094
0.268361094
0.268361094
0.268361094
0.268361094
0.268361094
0.268361094
0.268361094
0.268361094
0.268361094
0.268361094
0.268361094
0.268361094
0.268361094
0.268361094
0.268361094
0.268361094
0.268361094
0.268361094
0.268361094
0.268361094
0.268361094
0.268361094
0.268361094
0.268361094
0.268361094
0.268361094
0.268361094
0.268361094
0.268361094
0.268361094
0.268361094
0.268361094
0.268361094
0.268361094
0.268361094
0.268361094
0.268361094
0.268361094
0.268361094
0.268361094
0.268361094
0.268361094
0.268361094
0.268361094
0.268361094
0.268361094
0.268361094
0.268361094
0.268361094
0.268361094
0.268361094
0.268361094
0.268361094
0.268361094
0.268361094
0.268361094
0.268361094
0.268340603
0.268340603
0.268340603
0.268340603
0.268340603
0.268340603
0.268329996
0.268329996
0.268329996
0.268329996
0.268329996
0.268329996
0.268329996
0.268329996
0.268329996
0.268329996
0.268329996
0.268329996
0.268329996
0.268329996
0.268329996
0.268329996
0.268329996
0.268329996
0.268329996
0.268329996
0.268329996
0.268329996
0.268329996
0.268329996
0.268329996
0.268329996
0.268329996
0.268329996
0.268329996
0.268329996
0.268329996
0.268329996
0.268329996
0.268329996
0.267285001
0.267285001
0.267285001
0.267285001
0.267285001
0.267285001
0.267285001
0.267285001
0.267285001
0.267285001
0.267285001
0.267285001
0.267285001
0.267285001
0.267285001
0.267285001
0.267285001
0.267285001
0.267285001
0.267285001
0.267285001
0.267285001
0.267285001
0.267285001
0.267285001
0.267285001
0.267285001
0.267285001
0.267285001
0.267285001
0.267285001
0.267285001
0.267285001
0.267285001
0.267285001
0.267285001
0.267285001
0.267285001
0.267285001
0.267285001
0.267285001
0.267285001
0.267285001
0.267285001
0.267285001
0.267285001
0.267285001
0.267285001
0.267285001
0.267285001
0.267285001
0.267285001
0.267285001
0.267285001
0.267285001
0.267285001
0.267285001
0.267285001
0.267285001
0.267285001
0.267285001
0.267107535
0.267107535
0.267107535
0.267107535
0.267107535
0.267107535
0.267107535
0.267107535
0.267107535
0.267107535
0.267107535
0.267107535
0.267107535
0.267107535
0.267107535
0.267107535
0.267107535
0.267107535
0.267107535
0.267107535
0.267107535
0.267107535
0.267107535
0.267107535
0.267107535
0.267107535
0.267107535
0.267107535
0.267107535
0.267107535
0.267107535
0.267107535
0.267107535
0.267107535
0.267107535
0.267107535
0.267107535
0.267107535
0.267107535
0.267107535
0.267107535
0.267107535
0.267107535
0.267107535
0.267107535
0.267107535
0.267107535
0.267107535
0.267107535
0.267107535
0.267107535
0.267107535
0.267107535
0.267107535
0.267107535
0.267107535
0.267107535
0.267107535
0.267107535
0.267107535
0.267107535
0.267107535
0.267107535
0.267107535
0.267107535
0.267107535
0.267107535
0.267107535
0.267107535
0.267107535
0.267107535
0.267107535
0.267107535
0.267107535
0.267107535
0.267107535
0.267107535
0.267107535
0.267107535
0.267107535
0.267107535
0.267107535
0.267107535
0.267107535
0.267107535
0.267107535
0.267107535
0.267107535
0.267107535
0.267107535
0.267107535
0.267107535
0.267107535
0.267107535
0.267107535
0.267107535
0.267107535
0.267107535
0.267107535
0.267107535
0.267107535
0.267107535
0.267107535
0.267107535
0.267107535
0.267107535
0.267107535
0.267107535
0.267107535
0.267107535
0.267107535
0.267107535
0.267107535
0.267107535
0.267107535
