0	1.5
0.01	1.51999967
0.02	1.53999733
0.03	1.559991
0.04	1.57997867
0.05	1.59995834
0.06	1.61992801
0.07	1.63988569
0.08	1.65982939
0.09	1.6797571
0.1	1.69966683
0.11	1.7195566
0.12	1.73942441
0.13	1.75926829
0.14	1.77908623
0.15	1.79887626
0.16	1.81863641
0.17	1.8383647
0.18	1.85805915
0.19	1.87771779
0.2	1.89733866
0.21	1.9169198
0.22	1.93645925
0.23	1.95595505
0.24	1.97540525
0.25	1.99480792
0.26	2.0141611
0.27	2.03346287
0.28	2.0527113
0.29	2.07190445
0.3	2.09104041
0.31	2.11011727
0.32	2.12913312
0.33	2.14808606
0.34	2.16697418
0.35	2.18579561
0.36	2.20454847
0.37	2.22323086
0.38	2.24184094
0.39	2.26037683
0.4	2.27883668
0.41	2.29721866
0.42	2.31552091
0.43	2.3337416
0.44	2.35187893
0.45	2.36993107
0.46	2.38789621
0.47	2.40577257
0.48	2.42355835
0.49	2.44125178
0.5	2.45885108
0.51	2.47635449
0.52	2.49376028
0.53	2.51106668
0.54	2.52827198
0.55	2.54537446
0.56	2.5623724
0.57	2.5792641
0.58	2.59604787
0.59	2.61272205
0.6	2.62928495
0.61	2.64573492
0.62	2.66207032
0.63	2.67828952
0.64	2.69439088
0.65	2.71037281
0.66	2.7262337
0.67	2.74197197
0.68	2.75758605
0.69	2.77307436
0.7	2.78843537
0.71	2.80366754
0.72	2.81876934
0.73	2.83373927
0.74	2.84857582
0.75	2.86327752
0.76	2.87784289
0.77	2.89227048
0.78	2.90655884
0.79	2.92070654
0.8	2.93471218
0.81	2.94857435
0.82	2.96229166
0.83	2.97586274
0.84	2.98928624
0.85	3.00256081
0.86	3.01568513
0.87	3.02865787
0.88	3.04147776
0.89	3.0541435
0.9	3.06665382
0.91	3.07900748
0.92	3.09120324
0.93	3.10323988
0.94	3.1151162
0.95	3.12683101
0.96	3.13838314
0.97	3.14977143
0.98	3.16099474
0.99	3.17205196
1	3.18294197
1.01	3.19366369
1.02	3.20421604
1.03	3.21459798
1.04	3.22480845
1.05	3.23484645
1.06	3.24471096
1.07	3.25440101
1.08	3.26391561
1.09	3.27325383
1.1	3.28241472
1.11	3.29139737
1.12	3.30020088
1.13	3.30882438
1.14	3.31726699
1.15	3.32552788
1.16	3.33360622
1.17	3.3415012
1.18	3.34921202
1.19	3.35673793
1.2	3.36407817
1.21	3.371232
1.22	3.37819871
1.23	3.3849776
1.24	3.391568
1.25	3.39796924
1.26	3.40418068
1.27	3.41020171
1.28	3.41603172
1.29	3.42167013
1.3	3.42711637
1.31	3.4323699
1.32	3.4374302
1.33	3.44229676
1.34	3.44696908
1.35	3.45144672
1.36	3.4557292
1.37	3.45981612
1.38	3.46370706
1.39	3.46740163
1.4	3.47089946
1.41	3.4742002
1.42	3.47730353
1.43	3.48020912
1.44	3.4829167
1.45	3.48542598
1.46	3.48773673
1.47	3.4898487
1.48	3.49176169
1.49	3.4934755
1.5	3.49498997
1.51	3.49630494
1.52	3.49742029
1.53	3.49833589
1.54	3.49905166
1.55	3.49956753
1.56	3.49988344
1.57	3.49999937
1.58	3.49991529
1.59	3.49963123
1.6	3.49914721
1.61	3.49846327
1.62	3.49757949
1.63	3.49649595
1.64	3.49521276
1.65	3.49373006
1.66	3.49204798
1.67	3.4901667
1.68	3.4880864
1.69	3.4858073
1.7	3.48332962
1.71	3.48065361
1.72	3.47777953
1.73	3.47470768
1.74	3.47143836
1.75	3.46797189
1.76	3.46430863
1.77	3.46044895
1.78	3.45639321
1.79	3.45214184
1.8	3.44769526
1.81	3.44305391
1.82	3.43821826
1.83	3.43318878
1.84	3.42796599
1.85	3.42255041
1.86	3.41694257
1.87	3.41114303
1.88	3.40515239
1.89	3.39897123
1.9	3.39260018
1.91	3.38603986
1.92	3.37929095
1.93	3.3723541
1.94	3.36523003
1.95	3.35791943
1.96	3.35042304
1.97	3.34274161
1.98	3.33487591
1.99	3.32682672
2	3.31859485
2.01	3.31018113
2.02	3.30158638
2.03	3.29281148
2.04	3.2838573
2.05	3.27472474
2.06	3.2654147
2.07	3.25592813
2.08	3.24626596
2.09	3.23642917
2.1	3.22641873
2.11	3.21623566
2.12	3.20588096
2.13	3.19535568
2.14	3.18466086
2.15	3.17379758
2.16	3.16276692
2.17	3.15156999
2.18	3.1402079
2.19	3.12868178
2.2	3.11699281
2.21	3.10514213
2.22	3.09313094
2.23	3.08096044
2.24	3.06863185
2.25	3.05614639
2.26	3.04350532
2.27	3.03070991
2.28	3.01776142
2.29	3.00466115
2.3	2.99141042
2.31	2.97801056
2.32	2.96446289
2.33	2.95076877
2.34	2.93692959
2.35	2.92294671
2.36	2.90882153
2.37	2.89455548
2.38	2.88014997
2.39	2.86560644
2.4	2.85092636
2.41	2.83611119
2.42	2.8211624
2.43	2.8060815
2.44	2.79087
2.45	2.7755294
2.46	2.76006126
2.47	2.74446711
2.48	2.72874852
2.49	2.71290705
2.5	2.69694429
2.51	2.68086184
2.52	2.6646613
2.53	2.6483443
2.54	2.63191246
2.55	2.61536743
2.56	2.59871087
2.57	2.58194444
2.58	2.56506982
2.59	2.54808868
2.6	2.53100274
2.61	2.5138137
2.62	2.49652328
2.63	2.47913321
2.64	2.46164523
2.65	2.44406108
2.66	2.42638253
2.67	2.40861134
2.68	2.39074929
2.69	2.37279816
2.7	2.35475976
2.71	2.33663588
2.72	2.31842834
2.73	2.30013896
2.74	2.28176956
2.75	2.26332198
2.76	2.24479808
2.77	2.22619969
2.78	2.20752869
2.79	2.18878693
2.8	2.1699763
2.81	2.15109867
2.82	2.13215593
2.83	2.11314997
2.84	2.0940827
2.85	2.07495602
2.86	2.05577185
2.87	2.0365321
2.88	2.0172387
2.89	1.99789357
2.9	1.97849866
2.91	1.95905589
2.92	1.93956722
2.93	1.9200346
2.94	1.90045997
2.95	1.88084529
2.96	1.86119254
2.97	1.84150366
2.98	1.82178063
2.99	1.80202542
3	1.78224002
3.01	1.76242638
3.02	1.74258651
3.03	1.72272238
3.04	1.70283597
3.05	1.68292928
3.06	1.6630043
3.07	1.64306302
3.08	1.62310743
3.09	1.60313954
3.1	1.58316132
3.11	1.5631748
3.12	1.54318195
3.13	1.52318479
3.14	1.50318531
3.15	1.48318551
3.16	1.46318739
3.17	1.44319295
3.18	1.42320419
3.19	1.40322311
3.2	1.38325171
3.21	1.36329199
3.22	1.34334593
3.23	1.32341554
3.24	1.30350281
3.25	1.28360973
3.26	1.26373829
3.27	1.24389047
3.28	1.22406827
3.29	1.20427365
3.3	1.18450861
3.31	1.16477512
3.32	1.14507515
3.33	1.12541067
3.34	1.10578365
3.35	1.08619606
3.36	1.06664984
3.37	1.04714696
3.38	1.02768936
3.39	1.00827899
3.4	0.988917796
3.41	0.969607708
3.42	0.950350659
3.43	0.931148575
3.44	0.912003375
3.45	0.892916975
3.46	0.873891282
3.47	0.854928199
3.48	0.836029624
3.49	0.817197444
3.5	0.798433545
3.51	0.779739801
3.52	0.761118083
3.53	0.742570252
3.54	0.724098164
3.55	0.705703665
3.56	0.687388596
3.57	0.669154786
3.58	0.651004061
3.59	0.632938234
3.6	0.614959113
3.61	0.597068496
3.62	0.57926817
3.63	0.561559917
3.64	0.543945508
3.65	0.526426703
3.66	0.509005254
3.67	0.491682904
3.68	0.474461385
3.69	0.457342419
3.7	0.440327718
3.71	0.423418983
3.72	0.406617906
3.73	0.389926166
3.74	0.373345432
3.75	0.356877363
3.76	0.340523605
3.77	0.324285793
3.78	0.308165552
3.79	0.292164494
3.8	0.276284218
3.81	0.260526313
3.82	0.244892354
3.83	0.229383905
3.84	0.214002516
3.85	0.198749726
3.86	0.18362706
3.87	0.16863603
3.88	0.153778135
3.89	0.139054862
3.9	0.124467682
3.91	0.110018054
3.92	0.095707423
3.93	0.08153722
3.94	0.067508862
3.95	0.053623752
3.96	0.039883278
3.97	0.026288815
3.98	0.012841722
3.99	-0.000456656
4	-0.013604991
4.01	-0.026601966
4.02	-0.039446282
4.03	-0.052136654
4.04	-0.064671815
4.05	-0.077050509
4.06	-0.0892715
4.07	-0.101333564
4.08	-0.113235497
4.09	-0.124976108
4.1	-0.136554222
4.11	-0.147968682
4.12	-0.159218347
4.13	-0.170302092
4.14	-0.181218807
4.15	-0.191967402
4.16	-0.202546802
4.17	-0.212955948
4.18	-0.223193801
4.19	-0.233259335
4.2	-0.243151545
4.21	-0.252869441
4.22	-0.262412052
4.23	-0.271778423
4.24	-0.280967617
4.25	-0.289978716
4.26	-0.298810819
4.27	-0.307463043
4.28	-0.315934521
4.29	-0.324224408
4.3	-0.332331873
4.31	-0.340256108
4.32	-0.347996317
4.33	-0.355551729
4.34	-0.362921588
4.35	-0.370105155
4.36	-0.377101714
4.37	-0.383910564
4.38	-0.390531024
4.39	-0.396962433
4.4	-0.403204148
4.41	-0.409255543
4.42	-0.415116015
4.43	-0.420784976
4.44	-0.426261861
4.45	-0.431546121
4.46	-0.436637228
4.47	-0.441534673
4.48	-0.446237966
4.49	-0.450746637
4.5	-0.455060235
4.51	-0.459178329
4.52	-0.463100506
4.53	-0.466826375
4.54	-0.470355563
4.55	-0.473687717
4.56	-0.476822504
4.57	-0.47975961
4.58	-0.482498742
4.59	-0.485039626
4.6	-0.487382007
4.61	-0.489525652
4.62	-0.491470346
4.63	-0.493215895
4.64	-0.494762123
4.65	-0.496108878
4.66	-0.497256022
4.67	-0.498203443
4.68	-0.498951046
4.69	-0.499498754
4.7	-0.499846515
4.71	-0.499994293
4.72	-0.499942073
4.73	-0.49968986
4.74	-0.49923768
4.75	-0.498585578
4.76	-0.497733619
4.77	-0.496681888
4.78	-0.495430491
4.79	-0.493979553
4.8	-0.492329218
4.81	-0.490479652
4.82	-0.488431039
4.83	-0.486183585
4.84	-0.483737515
4.85	-0.481093072
4.86	-0.478250522
4.87	-0.475210148
4.88	-0.471972255
4.89	-0.468537166
4.9	-0.464905225
4.91	-0.461076796
4.92	-0.45705226
4.93	-0.452832021
4.94	-0.4484165
4.95	-0.443806139
4.96	-0.439001399
4.97	-0.43400276
4.98	-0.428810723
4.99	-0.423425807
5	-0.417848549
5.01	-0.412079509
5.02	-0.406119261
5.03	-0.399968404
5.04	-0.393627551
5.05	-0.387097337
5.06	-0.380378415
5.07	-0.373471457
5.08	-0.366377153
5.09	-0.359096213
5.1	-0.351629365
5.11	-0.343977355
5.12	-0.336140949
5.13	-0.328120931
5.14	-0.319918102
5.15	-0.311533283
5.16	-0.302967312
5.17	-0.294221046
5.18	-0.285295359
5.19	-0.276191144
5.2	-0.266909311
5.21	-0.257450789
5.22	-0.247816524
5.23	-0.238007478
5.24	-0.228024633
5.25	-0.217868987
5.26	-0.207541555
5.27	-0.197043371
5.28	-0.186375484
5.29	-0.17553896
5.3	-0.164534884
5.31	-0.153364356
5.32	-0.142028493
5.33	-0.130528429
5.34	-0.118865313
5.35	-0.107040312
5.36	-0.095054608
5.37	-0.0829094
5.38	-0.070605902
5.39	-0.058145345
5.4	-0.045528975
5.41	-0.032758053
5.42	-0.019833857
5.43	-0.006757679
5.44	0.006469174
5.45	0.019845379
5.46	0.033369598
5.47	0.047040479
5.48	0.060856654
5.49	0.074816743
5.5	0.088919349
5.51	0.103163062
5.52	0.117546457
5.53	0.132068096
5.54	0.146726528
5.55	0.161520285
5.56	0.17644789
5.57	0.191507849
5.58	0.206698655
5.59	0.222018791
5.6	0.237466724
5.61	0.253040909
5.62	0.268739789
5.63	0.284561795
5.64	0.300505342
5.65	0.316568839
5.66	0.332750677
5.67	0.34904924
5.68	0.365462896
5.69	0.381990005
5.7	0.398628915
5.71	0.41537796
5.72	0.432235467
5.73	0.44919975
5.74	0.466269111
5.75	0.483441845
5.76	0.500716234
5.77	0.51809055
5.78	0.535563057
5.79	0.553132006
5.8	0.570795641
5.81	0.588552196
5.82	0.606399895
5.83	0.624336953
5.84	0.642361577
5.85	0.660471964
5.86	0.678666303
5.87	0.696942775
5.88	0.715299552
5.89	0.733734798
5.9	0.75224667
5.91	0.770833317
5.92	0.78949288
5.93	0.808223493
5.94	0.827023283
5.95	0.84589037
5.96	0.864822868
5.97	0.883818883
5.98	0.902876515
5.99	0.921993859
6	0.941169004
6.01	0.960400031
6.02	0.979685017
6.03	0.999022035
6.04	1.01840915
6.05	1.03784442
6.06	1.05732591
6.07	1.07685167
6.08	1.09641974
6.09	1.11602817
6.1	1.13567499
6.11	1.15535825
6.12	1.17507597
6.13	1.19482618
6.14	1.21460691
6.15	1.23441618
6.16	1.25425201
6.17	1.27411241
6.18	1.2939954
6.19	1.31389899
6.2	1.33382119
6.21	1.35376001
6.22	1.37371346
6.23	1.39367953
6.24	1.41365623
6.25	1.43364157
6.26	1.45363354
6.27	1.47363015
6.28	1.4936294
6.29	1.51362928
6.3	1.5336278
6.31	1.55362296
6.32	1.57361275
6.33	1.59359519
6.34	1.61356826
6.35	1.63352998
6.36	1.65347835
6.37	1.67341137
6.38	1.69332704
6.39	1.71322339
6.4	1.73309841
6.41	1.75295012
6.42	1.77277654
6.43	1.79257568
6.44	1.81234556
6.45	1.83208421
6.46	1.85178965
6.47	1.87145991
6.48	1.89109303
6.49	1.91068704
6.5	1.93023998
6.51	1.94974989
6.52	1.96921483
6.53	1.98863285
6.54	2.00800201
6.55	2.02732036
6.56	2.04658599
6.57	2.06579696
6.58	2.08495134
6.59	2.10404724
6.6	2.12308273
6.61	2.14205591
6.62	2.16096488
6.63	2.17980776
6.64	2.19858266
6.65	2.21728771
6.66	2.23592102
6.67	2.25448074
6.68	2.27296502
6.69	2.291372
6.7	2.30969984
6.71	2.32794671
6.72	2.34611079
6.73	2.36419026
6.74	2.38218331
6.75	2.40008815
6.76	2.41790297
6.77	2.43562601
6.78	2.45325548
6.79	2.47078963
6.8	2.4882267
6.81	2.50556495
6.82	2.52280264
6.83	2.53993806
6.84	2.55696948
6.85	2.5738952
6.86	2.59071354
6.87	2.60742281
6.88	2.62402133
6.89	2.64050746
6.9	2.65687953
6.91	2.67313592
6.92	2.68927499
6.93	2.70529514
6.94	2.72119476
6.95	2.73697226
6.96	2.75262606
6.97	2.7681546
6.98	2.78355633
6.99	2.79882971
7	2.8139732
7.01	2.82898529
7.02	2.84386449
7.03	2.8586093
7.04	2.87321826
7.05	2.88768989
7.06	2.90202275
7.07	2.91621542
7.08	2.93026646
7.09	2.94417448
7.1	2.95793808
7.11	2.97155589
7.12	2.98502654
7.13	2.9983487
7.14	3.01152102
7.15	3.02454218
7.16	3.0374109
7.17	3.05012588
7.18	3.06268584
7.19	3.07508954
7.2	3.08733573
7.21	3.09942319
7.22	3.1113507
7.23	3.12311708
7.24	3.13472116
7.25	3.14616176
7.26	3.15743774
7.27	3.16854799
7.28	3.17949138
7.29	3.19026682
7.3	3.20087324
7.31	3.21130957
7.32	3.22157478
7.33	3.23166782
7.34	3.2415877
7.35	3.25133343
7.36	3.26090402
7.37	3.27029852
7.38	3.279516
7.39	3.28855552
7.4	3.29741619
7.41	3.30609712
7.42	3.31459744
7.43	3.32291631
7.44	3.33105288
7.45	3.33900635
7.46	3.34677592
7.47	3.35436082
7.48	3.36176028
7.49	3.36897356
7.5	3.37599995
7.51	3.38283875
7.52	3.38948925
7.53	3.39595082
7.54	3.40222278
7.55	3.40830453
7.56	3.41419545
7.57	3.41989495
7.58	3.42540247
7.59	3.43071744
7.6	3.43583934
7.61	3.44076767
7.62	3.44550191
7.63	3.45004161
7.64	3.45438631
7.65	3.45853557
7.66	3.46248897
7.67	3.46624613
7.68	3.46980667
7.69	3.47317023
7.7	3.47633647
7.71	3.47930508
7.72	3.48207576
7.73	3.48464823
7.74	3.48702225
7.75	3.48919756
7.76	3.49117395
7.77	3.49295123
7.78	3.49452921
7.79	3.49590775
7.8	3.49708669
7.81	3.49806593
7.82	3.49884536
7.83	3.49942491
7.84	3.49980452
7.85	3.49998415
7.86	3.49996378
7.87	3.49974342
7.88	3.49932308
7.89	3.49870282
7.9	3.49788268
7.91	3.49686276
7.92	3.49564316
7.93	3.49422399
7.94	3.4926054
7.95	3.49078755
7.96	3.48877063
7.97	3.48655483
7.98	3.48414038
7.99	3.48152751
8	3.47871649
8.01	3.47570761
8.02	3.47250115
8.03	3.46909745
8.04	3.46549683
8.05	3.46169967
8.06	3.45770634
8.07	3.45351724
8.08	3.4491328
8.09	3.44455344
8.1	3.43977962
8.11	3.43481183
8.12	3.42965056
8.13	3.42429633
8.14	3.41874967
8.15	3.41301113
8.16	3.4070813
8.17	3.40096076
8.18	3.39465012
8.19	3.38815003
8.2	3.38146111
8.21	3.37458406
8.22	3.36751954
8.23	3.36026828
8.24	3.35283099
8.25	3.34520842
8.26	3.33740133
8.27	3.3294105
8.28	3.32123673
8.29	3.31288084
8.3	3.30434367
8.31	3.29562606
8.32	3.28672889
8.33	3.27765305
8.34	3.26839944
8.35	3.258969
8.36	3.24936266
8.37	3.23958138
8.38	3.22962615
8.39	3.21949796
8.4	3.20919782
8.41	3.19872676
8.42	3.18808583
8.43	3.17727609
8.44	3.16629863
8.45	3.15515453
8.46	3.14384493
8.47	3.13237094
8.48	3.12073371
8.49	3.10893441
8.5	3.09697423
8.51	3.08485434
8.52	3.07257597
8.53	3.06014034
8.54	3.04754871
8.55	3.03480231
8.56	3.02190244
8.57	3.00885038
8.58	2.99564744
8.59	2.98229493
8.6	2.9687942
8.61	2.95514658
8.62	2.94135345
8.63	2.92741619
8.64	2.91333619
8.65	2.89911486
8.66	2.88475361
8.67	2.87025389
8.68	2.85561715
8.69	2.84084485
8.7	2.82593846
8.71	2.81089948
8.72	2.79572941
8.73	2.78042977
8.74	2.76500209
8.75	2.74944791
8.76	2.73376878
8.77	2.71796628
8.78	2.70204198
8.79	2.68599748
8.8	2.66983439
8.81	2.6535543
8.82	2.63715887
8.83	2.62064972
8.84	2.6040285
8.85	2.58729689
8.86	2.57045654
8.87	2.55350915
8.88	2.53645641
8.89	2.51930003
8.9	2.50204171
8.91	2.4846832
8.92	2.46722621
8.93	2.4496725
8.94	2.43202383
8.95	2.41428196
8.96	2.39644865
8.97	2.37852571
8.98	2.36051491
8.99	2.34241806
9	2.32423697
9.01	2.30597346
9.02	2.28762935
9.03	2.26920648
9.04	2.25070668
9.05	2.23213182
9.06	2.21348375
9.07	2.19476432
9.08	2.17597543
9.09	2.15711893
9.1	2.13819672
9.11	2.1192107
9.12	2.10016275
9.13	2.08105479
9.14	2.06188872
9.15	2.04266647
9.16	2.02338995
9.17	2.00406109
9.18	1.98468182
9.19	1.96525409
9.2	1.94577983
9.21	1.92626099
9.22	1.90669953
9.23	1.8870974
9.24	1.86745656
9.25	1.84777897
9.26	1.82806661
9.27	1.80832144
9.28	1.78854543
9.29	1.76874058
9.3	1.74890885
9.31	1.72905223
9.32	1.7091727
9.33	1.68927226
9.34	1.66935289
9.35	1.64941658
9.36	1.62946533
9.37	1.60950114
9.38	1.589526
9.39	1.5695419
9.4	1.54955085
9.41	1.52955485
9.42	1.50955589
9.43	1.48955597
9.44	1.4695571
9.45	1.44956127
9.46	1.42957049
9.47	1.40958675
9.48	1.38961205
9.49	1.36964838
9.5	1.34969776
9.51	1.32976216
9.52	1.30984359
9.53	1.28994403
9.54	1.27006548
9.55	1.25020993
9.56	1.23037935
9.57	1.21057573
9.58	1.19080105
9.59	1.1710573
9.6	1.15134644
9.61	1.13167044
9.62	1.11203128
9.63	1.09243091
9.64	1.0728713
9.65	1.0533544
9.66	1.03388217
9.67	1.01445655
9.68	0.995079477
9.69	0.9757529
9.7	0.956478747
9.71	0.937258946
9.72	0.918095419
9.73	0.898990082
9.74	0.879944845
9.75	0.860961613
9.76	0.842042284
9.77	0.823188751
9.78	0.804402898
9.79	0.785686604
9.8	0.767041741
9.81	0.748470174
9.82	0.729973758
9.83	0.711554345
9.84	0.693213776
9.85	0.674953884
9.86	0.656776497
9.87	0.638683431
9.88	0.620676496
9.89	0.602757492
9.9	0.584928212
9.91	0.567190439
9.92	0.549545946
9.93	0.531996497
9.94	0.514543848
9.95	0.497189744
9.96	0.47993592
9.97	0.462784101
9.98	0.445736003
9.99	0.428793331
