0.720517089
0.720517089
0.720517089
0.720517089
0.706906089
0.638955101
0.638955101
0.638955101
0.638955101
0.638955101
0.638955101
0.511798554
0.511798554
0.511798554
0.511798554
0.480793678
0.480793678
0.480793678
0.480793678
0.480793678
0.480793678
0.480793678
0.480793678
0.194254051
0.194254051
0.194254051
0.194254051
0.194254051
0.194254051
0.152136
0.152136
0.150004757
0.150004757
0.131654332
0.131654332
0.124369355
0.124369355
0.119713589
0.119713589
0.119713589
0.111366642
0.104886275
0.104886275
0.104886275
0.0922803459
0.0922803459
0.0922803459
0.0865119333
0.0865119333
0.0865119333
0.0865119333
0.0865119333
0.0837462027
0.0836938805
0.0836938805
0.0836938805
0.083094018
0.083094018
0.083094018
0.0797682576
0.0797682576
0.0797682576
0.0797682576
0.0797682576
0.0797682576
0.0797682576
0.0797682576
0.0797682576
0.0797682576
0.0455496737
0.0455496737
0.0455496737
0.0455496737
0.0455496737
0.0455496737
0.0455496737
0.0455496737
0.0455496737
0.0455496737
0.0455496737
0.0455496737
0.0455496737
0.0455496737
0.0455496737
0.0427122338
0.0427122338
0.0427122338
0.0427122338
0.0427122338
0.0427122338
0.0427122338
0.0427122338
0.0384217154
0.0216528827
0.0216528827
0.0216528827
0.0216528827
0.0216528827
0.0216528827
0.0216528827
0.0216528827
0.0216528827
0.0216528827
0.0216528827
0.0190600259
0.017017251
0.0139169941
0.0130669249
0.0120101621
0.0120101621
0.00975304285
0.00975304285
0.00975304285
0.00975304285
0.00975304285
0.00975304284
0.00975304284
0.00975304284
0.00975304284
0.00975304284
0.00975304284
0.00975304284
0.00975304284
0.00975304284
0.00975304284
0.00975304284
0.00975304284
0.00975304284
0.00975304284
0.00975304284
0.00975304284
0.00975304284
0.00975304284
0.00975304284
0.00824436362
0.00805577979
0.00805577979
0.00805577979
0.00805577979
0.00805577979
0.00805577979
0.00805577979
0.00805577979
0.00805577979
0.00805577979
0.00805577979
0.0055413231
0.0055413231
0.0055413231
0.0055413231
0.0055413231
0.0055413231
0.0055413231
0.0055413231
0.0055413231
0.0055413231
0.0055413231
0.0055413231
0.0055413231
0.0055413231
0.0055413231
0.0055413231
0.0055413231
0.0055413231
0.0055413231
0.0055413231
0.00554090412
0.00554090412
0.00554090412
0.00554090412
0.00554090412
0.00554090412
0.00554090412
0.00554090412
0.00554090412
0.00554090412
0.00554090412
0.00554090412
0.00554090412
0.00554090412
0.00554090412
0.00554090412
0.00554090412
0.00554090412
0.00554090412
0.00554090412
0.00554090412
0.00554090412
0.00554090412
0.00554090412
0.00554090412
0.00554090412
0.00554090412
0.00554048519
0.00554048519
0.00554048519
0.00554048519
0.00554048519
0.00554048519
0.00554048519
0.00554048519
0.00554048519
0.00554048519
0.00554048519
0.00554048519
0.00554048519
0.00554048519
0.00554048519
0.00554048519
0.00554048519
0.00554048519
0.00443865629
0.00443865629
0.00443865629
0.00443865629
0.00443865629
0.00443865629
0.00443865629
0.00443865629
0.00443781839
0.00443781839
0.00443781839
0.00443781839
0.00443781839
0.00443781839
0.00443781839
0.00443781839
0.00443781839
0.00443781839
0.00443781839
0.00443781839
0.00443781839
0.00443781839
0.00443781839
0.00443781839
0.00443781839
0.00443781839
0.00443781839
0.00443781839
0.00443781839
0.00443781839
0.00443781839
0.00443781839
0.00443781839
0.00443781839
0.00443781839
0.00443781839
0.00443781839
0.000656156078
0.000656156078
0.000656156078
0.000656156078
0.000656156078
0.000656156078
0.000656156078
0.000656156078
0.000656156078
0.000656156078
0.000656156078
0.000656156078
0.000656156078
0.000656156078
0.000656156078
0.000656156078
0.000656156078
0.000656156078
0.000656156078
0.000656156078
0.000656156078
0.000656156078
0.000656148185
0.000656148185
0.000656148185
0.000656148185
0.000656148185
0.000656148185
0.000656148185
0.000656148185
0.000656148185
0.000656148185
0.000656148185
0.000656148185
0.000656148185
0.000656148185
0.000656148185
0.000656148185
0.000656148185
0.000656148185
0.000656148185
0.000656148185
0.000656148185
0.000656148185
0.000656148185
0.000656148185
0.000656148185
0.000656148185
0.000656148185
0.000656148185
0.000656148185
0.000656148185
0.000656148185
0.000656148185
0.000656148185
0.000656148185
0.000656148185
0.000656148185
0.000656148185
0.000656148185
0.000656148185
0.000656148185
0.000656148185
0.000656148185
0.000656148185
0.000656148185
0.000656148185
0.000656148185
0.000656148185
0.000656148185
0.000656148185
0.000656148185
0.000656148185
0.000656148185
0.000656148185
0.000656148185
0.000656148185
0.000656148185
0.000656148185
0.000656148185
0.000656148185
0.000656148185
0.000656148185
0.000656148185
0.000656148185
0.000656148185
0.000656148185
0.000656148185
0.000656148185
0.000656148185
0.000656148185
0.000656148185
0.000656148185
0.000656148185
0.000656148185
0.000656148185
0.000656148185
0.000656148185
0.000656148185
0.000656148185
0.000656148185
0.000656148185
0.000656148185
0.000656148185
0.000656148185
0.000656148185
0.000656148185
0.000656148185
0.000656148185
0.000656148185
0.000656148185
0.000656148185
0.000656148185
0.000656148185
0.000656148185
0.000656148185
0.000656148185
0.000656148185
0.000656148185
0.000656148185
0.000656148185
0.000656148185
0.000656148185
0.000656148185
0.000656148185
0.000656148185
0.000656148185
0.000656148185
0.000656148185
0.000656148185
0.000656148185
0.000656148185
0.000656148185
0.000656148185
0.000656148185
0.000656148185
0.000656148185
0.000656148185
0.000656148185
0.000656148185
0.000656148185
0.000656148185
0.000656148185
0.000638230624
0.000638230624
0.000638230624
0.000638230624
0.000626225245
0.000626225245
0.000626225245
0.000626225244
0.000626225244
0.000626225244
0.000288229825
0.000288229825
0.000288229825
0.000288229825
0.000288229825
0.000288229825
0.000288229825
0.000288229825
0.000288229825
0.000288229825
0.000288229825
0.000288229825
0.000288229825
0.000288229825
0.000288229825
0.000288229825
0.000288229825
0.000288229825
0.000288229825
0.000288229825
0.000288229825
0.000288229825
0.000288229825
0.000288229825
0.000288229825
0.000288229825
0.000288229825
0.000288229825
0.000288229825
0.000288229825
0.000288229825
0.000288229825
0.000288229825
0.000288229825
0.000288229825
0.000288229825
0.000288229825
0.000288229825
0.000288229825
0.000288229825
0.000288229825
0.000288229825
0.000288229825
0.000288229825
0.000288229825
0.000288229825
0.000288229825
0.000288229825
0.000288229825
0.000288229825
0.000288229825
0.000288229825
0.000288229825
0.000288229825
0.000288229825
0.000288229825
0.000288229825
0.000288229825
0.000288229825
0.000288229825
0.000288229825
0.000288229825
0.000288229825
0.000288229825
0.000288229825
0.000288229825
0.000288229825
0.000288229825
0.000288229825
0.000288229825
0.000288229825
0.000288229825
0.000288229825
0.000288229825
0.000288229825
0.000288229825
0.000288229825
0.000288229825
0.000288229825
0.000288229825
0.000288229825
0.000288229825
0.000288229825
0.000288229825
0.000288229825
0.000288229825
0.000288229825
0.000288229825
0.000288229825
0.000288229825
0.000288229825
0.000288229825
0.000288229825
0.000288229825
0.000288229825
0.000288229825
0.000288229825
0.000288229825
0.000288229825
0.000288229825
0.000288229825
0.000288229825
0.000288229825
0.000288229825
0.000288229825
0.000288229825
0.000288229825
0.000288229825
0.000288229825
0.000288229825
0.000288229825
0.000288229825
0.000288229825
0.000288229825
0.000288229825
0.000288229825
0.000288229825
0.000288229825
0.000288229825
0.000288229825
0.000288229825
0.000288229825
0.000288229825
0.000288229825
0.000288229825
0.000288229825
0.000288229825
0.000288229825
0.000288229825
0.000288229825
0.000288229825
0.000288229825
0.000288229825
0.000288229825
0.000288229825
0.000288229825
0.000288229825
0.000288229825
0.000288229825
0.000288229825
0.000288229825
0.000288229825
0.000288229825
0.000288229825
0.000288229825
0.000288229825
0.000288229825
0.000288229825
0.000288229825
0.000288229825
0.000288229825
0.000288229825
0.000288229825
0.000288229825
0.000288229825
0.000288229825
0.000288229825
0.000288229825
0.000288229825
0.000288229825
0.000288229825
0.000288229825
0.000288229825
0.000288229825
0.000288229825
0.000288229825
0.000288229825
0.000288229825
0.000288229825
0.000288229825
0.000288229825
0.000288229825
0.000288229825
0.000288229825
0.000288229825
0.000288229825
0.000288229825
0.000288229825
0.000288229825
0.000288229825
0.000288229825
0.000288229825
0.000288229825
0.000288229825
0.000288229825
0.000288229825
0.000288229825
0.000288229825
0.000288229825
0.000288229825
0.000288229825
0.000288229825
0.000288229825
0.000288229825
0.000288229825
0.000288229825
0.000288229825
0.000288229825
0.000288229825
0.000288229825
0.000288229825
0.000288229825
0.000288229825
0.000288229825
0.000288229825
0.000288229825
0.000288229825
0.000288229825
0.000288229825
0.000288229825
0.000288229825
0.000288229825
0.000288229825
0.000288229825
0.000288229825
0.000288229825
0.000288229825
0.000288229825
0.000288229825
0.000288229825
0.000288229825
0.000288229825
0.000288229825
0.000288229825
0.000288229825
0.000288229825
0.000288229825
0.000288229825
0.000288229825
0.000288229825
0.000288229825
0.000288229825
0.000288229825
0.000288229825
0.000288229825
0.000288229825
0.000288229825
0.000288229825
0.000288229825
0.000288229825
0.000288229825
0.000288229825
0.000288229825
0.000288229825
0.000288229825
0.000288229825
0.000288229825
0.000288229825
0.000288229825
0.000288229825
0.000288229825
0.000288229825
0.000288229825
0.000288229825
0.000288229825
0.000288229825
0.000288229825
0.000288229825
0.000288229825
0.000288229825
0.000288229825
0.000288229825
0.000288229825
0.000288229825
0.000288229825
0.000288229825
0.000288229825
0.000288229825
0.000288229825
0.000288229825
0.000288229825
0.000288229825
0.000288229825
0.000288229825
0.000288229825
0.000288229825
0.000288229825
0.000288229825
0.000288229825
0.000288229825
0.000288229825
0.000288229825
0.000288229825
0.000288229825
0.000288229825
0.000288229825
0.000288229825
0.000288229825
0.000288229825
0.000288229825
0.000288229825
0.000288229825
0.000288229825
0.000288229825
0.000288229825
0.000288229825
0.000288229825
0.000288229825
0.000288229825
0.000288229825
0.000288229825
0.000288229825
0.000288229825
0.000288229825
0.000288229825
0.000288229825
0.000288229825
0.000288229825
0.000288229825
0.000288229825
0.000288229825
0.000288229825
0.000288229825
0.000288229825
0.000288229825
0.000288229825
0.000288229825
0.000288229825
0.000288229825
0.000288229825
0.000288229825
0.000288229825
0.000288229825
0.000288229825
0.000288229825
0.000288229825
0.000288229825
0.000288229825
0.000288229825
0.000288229825
0.000288229825
0.000288229825
0.000288229825
0.000288229825
0.000288229825
0.000288229825
0.000288229825
0.000288229825
0.000288229825
0.000288229825
0.000288229825
0.000288229825
0.000288229825
0.000288229825
0.000288229825
0.000288229825
0.000288229825
0.000288229825
0.000288229825
0.000288229825
0.000288229825
0.000288229825
0.000288229825
0.000288229825
0.000288229825
0.000288229825
0.000288229825
0.000288229825
0.000288229825
0.000288229825
0.000288229825
0.000288229825
0.000288229825
0.000288229825
0.000288229825
0.000288229825
0.000288229825
0.000288229825
0.000288229825
0.000288229825
0.000288229825
0.000288229825
0.000288229825
0.000288229825
0.000288229825
0.000288229825
0.000288229825
0.000288229825
0.000288229825
0.000288229825
0.000288229825
0.000288229825
0.000288229825
0.000288229825
0.000288229825
0.000288229825
0.000288229825
0.000288229825
0.000288229825
0.000288229825
0.000288229825
0.000288229825
0.000288229825
0.000288229825
0.000288229825
0.000288229825
0.000288229825
0.000288229825
0.000288229825
0.000288229825
0.000288229825
0.000288229825
0.000288229825
0.000288229825
0.000288229825
0.000288229825
0.000288229825
0.000288229825
0.000288229825
0.000288229825
0.000288229825
0.000288229825
0.000288229825
0.000288229825
0.000288229825
0.000288229825
0.000288229825
0.000288229825
0.000288229825
0.000288229825
0.000288229825
0.000288229825
0.000288229825
0.000288229825
0.000288229825
0.000288229825
0.000288229825
0.000288229825
0.000288229825
0.000288229825
0.000288229825
0.000288229825
0.000288229825
0.000288229825
0.000288229825
0.000288229825
0.000288229825
0.000288229825
0.000288229825
0.000288229825
0.000288229825
0.000288229825
0.000288229825
0.000288229825
0.000288229825
0.000288229825
0.000288229825
0.000288229825
0.000288229825
0.000288229825
0.000288229825
0.000288229825
0.000288229825
0.000288229825
0.000288229825
0.000288229825
0.000288229825
0.000288229825
0.000288229825
0.000288229825
0.000288229825
0.000288229825
0.000288229825
0.000288229825
0.000288229825
0.000288229825
0.000288229825
0.000288229825
0.000288229825
0.000288229825
0.000288229825
0.000288229825
0.000288229825
0.000288229825
0.000288229825
0.000288229825
0.000288229825
0.000288229825
0.000288229825
0.000288229825
0.000288229825
0.000288229825
0.000288229825
0.000288229825
0.000288229825
0.000288229825
0.000288229825
0.000288229825
0.000288229825
0.000288229825
0.000288229825
0.000288229825
0.000288229825
0.000288229825
0.000288229825
0.000288229825
0.000288229825
0.000288229825
0.000288229825
0.000288229825
0.000288229825
0.000288229825
0.000288229825
0.000288229825
0.000288229825
0.000288229825
0.000288229825
0.000288229825
0.000288229825
0.000288229825
0.000288229825
0.000288229825
0.000288229825
0.000288229825
0.000288229825
0.000288229825
0.000288229825
0.000288229825
0.000288229825
0.000288229825
0.000288229825
0.000288229825
0.000288229825
0.000288229825
0.000288229825
0.000288229825
0.000288229825
0.000288229825
0.000288229825
0.000288229825
0.000288229825
0.000288229825
0.000288229825
0.000288229825
0.000288229825
0.000288229825
0.000288229825
0.000288229825
0.000288229825
0.000288229825
0.000288229825
0.000288229825
0.000288229825
0.000288229825
0.000288229825
0.000288229825
0.000288229825
0.000288229825
0.000288229825
0.000288229825
0.000288229825
0.000288229825
0.000288229825
0.000288229825
0.000288229825
0.000288229825
0.000288229825
0.000288229825
0.000288229825
0.000288229825
0.000288229825
0.000288229825
0.000288229825
0.000288229825
0.000288229825
0.000288229825
0.000288229825
0.000288229825
0.000288229825
0.000288229825
0.000288229825
0.000288229825
0.000288229825
0.000288229825
0.000288229825
0.000288229825
0.000288229825
0.000288229825
0.000288229825
0.000288229825
0.000288229825
0.000288229825
0.000288229825
0.000288229825
0.000288229825
0.000288229825
0.000288229825
0.000288229825
0.000288229825
0.000288229825
0.000288229825
0.000288229825
0.000288229825
0.000288229825
0.000288229825
0.000288229825
0.000288229825
0.000288229825
0.000288229825
