513
10
989
753
388
456
469
690
822
93
750
762
994
264
108
634
517
567
348
687
642
549
461
235
419
926
162
605
588
730
411
530
751
546
697
984
832
700
553
50
118
189
70
378
475
88
179
166
879
561
237
199
339
699
734
270
351
575
263
367
258
595
580
42
961
532
383
781
870
932
809
562
923
0
993
90
340
365
895
941
764
670
434
325
952
884
150
928
396
679
406
592
358
639
696
198
857
934
623
242
193
306
251
703
722
77
743
844
78
73
630
563
959
808
976
91
405
914
534
232
284
472
758
250
333
586
992
554
213
913
228
717
705
731
304
970
127
62
413
935
275
718
647
168
360
828
867
94
400
873
16
177
370
254
773
635
620
26
362
533
417
684
249
591
439
37
180
545
911
445
464
30
583
972
929
157
468
320
135
389
219
995
121
787
432
656
747
863
115
346
23
805
107
260
217
402
820
137
477
629
102
43
754
207
740
125
664
978
841
937
297
669
128
761
558
765
227
875
714
427
36
338
825
504
837
126
467
295
616
882
289
827
817
46
910
173
519
397
979
184
110
716
394
871
581
352
649
381
174
682
279
896
536
943
625
912
688
785
196
81
55
997
652
615
939
154
999
355
408
986
804
974
668
431
559
672
535
555
97
429
390
917
733
645
476
872
447
290
240
229
691
420
101
45
316
675
181
74
779
835
624
44
930
531
140
64
446
471
172
59
726
796
373
96
702
274
868
310
498
659
444
612
357
27
246
483
354
985
271
474
950
632
975
13
658
309
415
407
823
708
942
724
819
234
493
220
721
799
495
916
261
494
210
122
21
255
440
847
946
66
200
31
876
906
905
963
105
5
161
48
622
92
987
465
130
287
398
28
849
17
209
777
186
330
839
797
167
208
148
356
343
980
95
738
24
187
945
826
973
599
770
752
852
883
71
618
831
423
834
256
106
840
600
966
609
802
701
188
485
577
499
648
967
626
49
556
453
778
151
479
786
212
552
501
940
426
395
159
981
459
776
983
627
881
589
662
671
298
737
578
681
318
526
518
560
132
768
800
507
585
281
521
109
965
617
374
621
953
814
470
861
892
201
18
84
957
509
936
244
889
75
900
522
460
506
4
69
811
317
76
801
369
784
723
602
361
862
239
245
565
441
247
960
836
375
815
83
252
611
710
968
790
478
191
604
527
651
422
113
404
638
190
301
601
694
185
51
1
425
955
496
636
430
331
538
311
909
971
689
9
908
134
277
951
57
772
810
303
988
603
268
194
414
382
568
192
19
222
322
850
859
712
292
706
305
63
455
326
977
637
341
8
359
874
759
812
450
918
144
371
803
332
523
880
291
463
619
345
596
401
204
915
87
537
821
890
403
744
276
443
283
35
112
540
153
564
746
848
98
349
725
728
6
807
449
674
775
393
448
663
111
202
236
58
253
661
225
314
60
273
894
47
313
904
782
195
347
452
221
243
878
226
272
20
385
829
40
597
466
584
921
329
321
824
897
176
685
516
248
141
925
924
163
67
576
328
412
640
89
680
296
756
488
593
384
853
319
869
715
919
557
152
437
68
436
594
458
278
571
323
646
335
755
502
745
288
736
854
500
233
143
53
387
543
741
15
307
590
886
160
525
327
793
165
457
587
813
798
838
487
368
653
816
65
230
512
888
99
114
541
197
183
539
520
964
727
547
136
792
732
218
885
891
473
767
142
508
788
259
308
156
206
377
901
610
856
667
709
693
851
969
795
438
86
231
262
760
608
139
544
442
931
353
481
344
845
843
855
302
334
410
666
569
416
462
907
860
54
336
138
613
643
214
954
497
29
257
528
742
511
363
938
720
491
3
337
683
899
146
7
806
203
598
386
514
614
123
175
41
655
877
704
780
818
515
631
922
216
524
958
350
698
119
707
574
299
34
56
505
435
739
749
211
748
286
300
52
366
866
579
158
791
265
676
607
996
572
769
12
641
215
421
573
480
774
858
735
628
783
490
766
660
171
38
998
147
542
665
120
100
282
719
677
492
39
678
548
117
582
164
33
833
771
654
650
131
489
695
399
61
182
551
169
376
763
22
982
729
902
372
451
944
224
947
991
713
11
266
238
391
956
149
72
85
711
566
920
267
82
898
342
294
364
486
644
269
315
606
116
428
129
80
846
293
864
433
424
25
529
865
570
205
657
949
32
887
484
794
686
223
454
503
285
380
692
948
482
155
903
241
133
830
673
933
757
990
312
418
550
14
392
409
79
324
178
962
103
2
280
170
379
893
789
633
124
927
104
842
510
145
