277
500
593
787
304
792
33
175
884
482
240
730
670
377
777
190
104
604
245
115
184
213
458
27
994
341
813
238
936
129
693
712
166
13
476
323
195
472
295
358
366
846
113
785
173
496
374
797
540
740
169
950
618
523
325
687
470
666
830
864
301
187
989
999
392
784
660
516
954
460
477
799
661
525
48
684
141
586
839
373
676
379
216
86
412
121
878
63
732
0
899
897
439
236
300
631
635
576
852
2
442
877
567
119
786
312
465
896
886
609
246
62
136
529
756
722
16
664
627
845
475
56
256
450
568
816
766
768
547
725
336
554
616
939
371
815
560
527
503
806
217
228
50
11
501
189
753
688
804
636
686
326
987
111
436
621
224
403
220
508
903
310
161
97
408
459
649
555
898
469
644
116
575
286
658
879
659
906
400
565
541
615
904
425
961
603
818
717
931
101
293
869
243
669
418
378
546
127
107
172
637
467
668
36
89
848
978
321
276
242
970
492
706
891
264
69
58
772
284
651
683
966
653
406
314
497
550
883
584
230
946
45
979
297
617
42
824
552
537
204
305
219
25
612
972
882
905
72
701
338
821
605
856
513
47
98
131
65
938
19
862
790
417
125
6
93
518
674
80
823
126
955
32
376
512
638
77
926
715
783
929
774
83
283
91
807
260
910
149
223
100
462
319
280
438
634
920
35
206
383
267
421
296
534
519
222
197
980
573
600
227
997
289
364
79
625
888
130
54
773
430
20
976
182
696
106
535
975
415
578
281
680
956
313
53
270
382
395
517
868
422
789
14
748
209
808
871
112
181
285
892
117
843
495
176
853
705
962
528
120
235
367
269
381
288
468
109
420
771
39
957
641
873
814
179
928
258
490
266
524
817
268
901
692
75
902
626
191
491
73
742
836
396
563
359
329
698
452
3
960
244
348
81
320
386
5
384
49
671
253
478
474
429
532
935
410
196
691
630
507
564
599
916
930
28
781
953
520
443
315
940
494
188
585
303
860
299
342
521
388
153
607
85
738
488
385
509
404
628
21
401
918
964
834
949
370
736
10
163
483
52
951
665
539
551
239
596
463
759
317
587
67
61
747
895
66
833
453
652
92
811
566
721
255
675
155
872
639
148
791
959
849
779
992
302
780
973
995
226
215
200
699
556
506
464
262
924
340
344
165
307
682
673
876
350
881
800
530
750
707
424
96
923
672
481
602
210
99
983
857
162
60
247
778
241
23
183
713
889
647
782
26
620
347
921
71
870
339
355
545
128
716
446
548
623
225
343
810
498
850
745
251
427
466
629
890
842
685
168
134
361
151
419
741
335
536
132
819
943
334
4
562
734
822
885
952
144
909
362
177
485
248
147
143
46
595
30
963
643
275
233
480
703
733
775
178
832
854
991
829
590
798
201
761
158
998
432
308
667
958
967
681
606
801
544
426
405
84
316
875
887
794
577
332
440
368
859
435
164
393
493
581
640
697
156
138
825
580
444
124
212
835
569
793
591
252
118
59
170
553
977
827
642
913
679
108
43
608
174
993
944
192
74
965
423
397
504
451
710
613
232
261
135
337
988
700
365
695
70
588
402
812
102
311
764
925
122
948
231
583
322
207
656
198
900
352
416
328
88
249
345
354
294
454
543
847
974
557
15
18
272
185
110
445
648
375
64
802
273
589
447
752
448
82
114
598
851
431
915
76
505
663
180
726
727
407
40
274
290
511
735
199
205
510
731
145
457
208
751
549
828
94
487
309
922
754
969
624
990
719
1
718
522
434
632
214
662
614
743
353
287
193
809
765
776
390
333
103
250
571
927
159
986
391
218
757
984
678
755
351
380
708
919
105
760
389
861
349
514
594
394
41
559
981
893
758
729
360
711
907
414
211
968
795
831
690
282
51
433
574
186
619
137
441
724
259
542
561
763
805
411
363
229
689
655
257
461
140
167
237
298
318
737
739
911
982
838
720
762
709
499
409
279
746
611
428
837
937
917
572
234
324
865
473
714
866
203
9
767
601
292
945
996
650
728
146
37
95
484
29
90
558
413
570
456
677
582
398
24
579
796
160
372
22
770
894
942
840
702
254
769
437
154
399
471
531
645
841
330
880
455
597
331
947
971
123
863
271
8
749
538
803
610
744
788
874
633
932
934
657
486
855
78
489
31
68
87
171
327
7
646
306
17
157
55
826
941
38
844
44
194
34
278
479
723
57
985
202
592
449
139
867
933
291
526
346
858
152
150
622
263
133
356
694
12
357
387
908
820
914
221
533
654
142
704
369
912
502
515
265
