0.0274582
3.33067e-16
0.001366
4.44089e-16
2.22045e-16
0
0.0101728
0.00633903
2.62013e-14
0.00497278
1.11022e-16
0.0228792
0.00730949
0.0126753
0.0367511
0.0170926
0.0131354
0.0158814
0.0241645
0.00447068
0.012565
1.07205e-09
0.0167626
0.00923426
0.00207622
0.00575493
0.0154987
1.89146e-11
0.00536001
0.0256496
0.00655116
1.33227e-15
0
0.00176754
0.00775764
0.00310968
0.00189801
0.00438945
4.996e-16
0.0201714
0.0404943
7.21645e-16
0.0357333
0.0026312
0.0206861
0.00567659
0.0121701
1.88738e-15
0.0132922
0.0221652
0.0246801
0.0179585
0.0175903
0.00304765
0.00126989
0.00324653
0.000355052
0.0212647
0.0344246
1.16573e-15
0.00252927
0.00314375
0.0330022
0.00748721
0.0115902
0.0198715
0.039691
0.0178604
0.0206926
0.01236
0.00951304
0.00991817
0.00875406
0.039691
0.0357333
0.00304765
0.00716779
0.0150628
0.0121701
0.00567659
2.71985e-05
0.0232361
0.00756134
6.66134e-16
0.0502235
0.00127306
6.66134e-16
0.00528476
0.0967662
0.00566386
0.00766316
0.0154878
0.00227735
0.016734
0.0190735
0.00512039
0.000459156
0.0262055
1.11022e-16
0.0117252
0.0175903
0.0357333
0.0212647
0.0404943
0.0132922
0.0206926
0.0150628
0.01236
0.039691
0.0246801
0.0179585
0.0221652
0.039691
0.0198715
0.0140953
0.0206861
0.0404943
0.0357333
0.0344246
0.0178604
0.00602998
0.025544
0.0502235
0.0023764
0.0140758
0.0343649
0.00756134
0.0304966
0.0357333
0.00232419
0.00733396
0.0248578
1.23904e-10
0.00342158
0.00689636
0.0161995
0.00121949
0.000410287
0.0225294
3.33067e-16
0.0502235
0.0357333
0.0190735
3.33067e-16
0.0404943
0.00449555
0.0179585
0.0206861
0.0198715
0.0232361
0.0246801
0.039691
0.0344246
0.00309112
0.0967662
0.0212647
2.77556e-17
0.0262055
0.0221652
0.0967662
0.000979047
0.041213
0.0173796
3.73768e-05
0.0148105
0.00801485
6.66134e-16
0.0690326
0.0150658
0.0581867
0.0194768
0.0261967
0.0225294
0.0019163
0.0342479
0.0140157
0.0105889
0.0262055
0.042556
0.0064154
0.0221652
0.0357333
0.0502235
0.0343649
0.0232361
0.0308105
0.0967662
0.0502235
0.0404943
0.0357333
0.0246801
0.0248578
0.0344246
0.025544
0.0967662
0.039691
0.0225294
0.0262055
0.0212647
0.0195564
0.0227612
0.0222265
0.0205376
0.0565609
0.0455837
0.0231286
0.00734585
0.0140689
0.00644091
0.0622889
1.38778e-17
0.00580269
0.027818
0.00452728
0.0198537
9.15315e-06
0.00922515
0.0182776
0.0180809
0.0251541
0.0262055
0.0343649
0.041213
0.0357333
0.0261967
0.0690326
0.0357333
0.0967662
0.0967662
0.0581867
0.0342479
0.0404943
0.042556
0.039691
0.0502235
0.0262055
0.0272855
0.0502235
0.0344246
0.0157694
0.0484531
0.0431951
0.0475525
0.0193458
0.0622889
0.0115781
0.0320401
0.0323783
0.0199765
1.11022e-16
0.0121917
0.00327805
0.0404943
9.4369e-16
0.0451488
0.00420544
0.00338394
0.00492697
1.04639e-14
0.00048381
0.0343649
0.0357333
0.0690326
0.0502235
0.0502235
0.041213
0.027818
0.0967662
0.039691
0.027349
0.0404943
0.0622889
0.042556
0.0967662
0.0357333
0.0344246
0.0581867
0.0967662
0.0565609
0.0342479
0.0578613
0.00621663
0.0163696
0.00578974
0.00378988
0.0442987
0.000970248
1.66533e-16
0.0464341
0.00624704
0.0227317
0.0361117
0.0150045
0.0256296
5.48052e-05
0.0492457
0.0160256
0.00901423
1.69642e-13
0.0342479
0.0146671
0.0484531
0.0622889
0.042556
0.0404943
0.0967662
0.0431951
0.0690326
0.0622889
0.039691
0.0502235
0.0451488
0.041213
0.0197932
0.0581867
0.0967662
0.0967662
0.0502235
0.0967662
0.0565609
0.00791971
3.88578e-16
3.33067e-16
0.0967662
0.00358281
0.0690326
0.0427504
0.0436967
0.00181614
0.014683
0.00444584
0.0294218
0.00180873
0.00910019
0.018527
0.0016804
0.00533131
0.0329711
0.0339431
0.0263793
0.042556
0.0578613
0.0502235
0.0464341
0.0967662
0.0622889
0.0967662
0.0690326
0.0967662
0.0451488
0.0967662
0.0581867
0.0431951
0.0492457
0.0622889
0.0967662
0.0484531
0.0502235
0.0442987
0.0565609
3.05311e-16
0.000590021
0.0137307
0.0105834
0.0142144
0.0697617
0.0291224
0.0533321
0.00480326
0.026135
0.00615221
0.00879794
0.00460483
0.0182338
7.77156e-16
0.0238086
0.00705111
0.0271181
0.0377282
0.0291636
0.0967662
0.0502235
0.0967662
0.0690326
0.0967662
0.0967662
0.0690326
0.0492457
0.0967662
0.0581867
0.0502235
0.0967662
0.0622889
0.0578613
0.0622889
0.061986
0.0967662
0.0484531
0.0464341
0.0565609
0.0266557
0.0168127
0.0282037
0.0475525
1.64313e-14
0.0423122
0.00176527
0.0363631
0.0291224
0.00593829
0.0351823
0.039009
0.00262952
0.0176356
0.0172014
0.0356539
0.00403048
0.0296098
0.0282238
0.00724738
0.0578613
0.0967662
0.0697617
0.0967662
0.0967662
0.0502235
0.0533321
0.0967662
0.0967662
0.0967662
0.0690326
0.0502235
0.0565609
0.0967662
0.0622889
0.0376961
0.0690326
0.0967662
0.0622889
0.061986
0.0967662
0.00825025
0.0561437
0.00877572
1.11022e-16
8.10762e-05
0.00877914
0.0967662
1.11022e-16
0.00434984
0.0267811
0.043966
0.0650873
4.44089e-16
0.0118831
0.0682804
0.0182338
0.0325066
0.0635747
0.0150658
0.0967662
0.0967662
0.061986
0.0690326
0.0967662
0.0967662
0.0690326
0.0565609
0.0697617
0.0967662
0.0622889
0.0967662
0.0578613
0.0502235
0.0967662
0.0967662
0.0533321
0.0502235
0.0018542
0.0967662
0.0517414
0.0168127
1.66533e-15
0.0103593
0.0168127
0.00759143
0.00573572
0.00430648
3.33067e-16
0.00978933
2.77556e-16
0.00634073
0.00624867
0.042964
0.0267812
0.00947022
0.00731578
0.0179881
4.44089e-16
0.0114793
0.0967662
0.0967662
0.0682804
0.0967662
0.0967662
0.0967662
0.061986
0.0650873
0.0635747
0.0967662
0.0697617
0.0690326
0.0690326
0.0967662
0.0967662
0.0967662
0.0967662
0.0967662
0.0967662
0.0580718
0.0195959
0.0967662
6.66134e-16
0.0548812
0.0967662
0.0157254
0.0423122
0.0283419
0.0133384
0.00791971
0.00114622
0.0150045
0.00391462
0.0163445
2.50446e-11
0.00505063
0.0224971
0.0436767
0.0614833
0.0850303
0.0967662
0.0635747
0.0967662
0.0967662
0.0967662
0.061986
0.0967662
0.0967662
0.0967662
0.0967662
0.0697617
0.0690326
0.0650873
0.0690326
0.0335536
0.0682804
0.0967662
0.0967662
0.0967662
0.0967662
0.0129882
0.0135366
0.0213403
0.0146382
0.0101166
0.0137307
0.0203901
0.0967662
0.0967662
0.0257636
0.0276368
5.55112e-16
0.0967662
0
1.55431e-15
0.0170194
3.05311e-16
0.0112786
0.0235753
0.0682804
0.0967662
0.0697617
0.0967662
0.0967662
0.0967662
0.0682804
0.0690326
0.0967662
0.0690326
0.0967662
0.0967662
0.0850303
0.0967662
0.0967662
0.0967662
0.0967662
0.0967662
0.00194674
0.0967662
0.0967662
0.0423122
0.0475525
0.0423122
0.0218219
2.22045e-16
0.00886542
0.0423122
0.0183258
0.0415551
0.0475525
0.027766
0.0291224
0.0340465
0.00253291
0.000586955
8.32667e-16
0.0475525
8.32667e-17
0.00321517
0.00489468
0.0967662
0.0967662
0.0967662
0.0697617
0.0967662
0.0967662
0.0967662
0.0967662
0.0967662
0.0967662
0.0967662
0.0850303
0.0967662
0.0967662
0.0967662
0.0967662
0.0967662
0.0967662
0.0967662
0.0967662
0.0489994
1.11022e-16
0.0283419
0.0489994
0
0.0215206
2.10942e-15
0.0454512
0.00391462
0.0260041
0.0257636
4.16334e-17
0.00634073
0.0215206
0.0561437
0.00218551
5.55112e-17
0.0151248
0.000655049
2.22045e-16
0.0967662
0.0967662
0.0967662
0.0967662
0.0967662
0.0967662
0.0967662
0.0967662
0.0967662
0.0967662
0.0967662
0.0850303
0.0967662
0.0967662
0.0967662
0.0967662
0.0967662
0.0967662
0.0967662
0.0967662
0.00210922
0.0363631
0.00578974
0.0314027
0.0363631
0.0246801
0.0137307
0.0213403
0.0246801
0.0117916
0.00218551
1.11022e-15
4.44089e-16
0.000837925
0.00282362
0.0296305
0.0340465
1.55431e-15
0.0151248
0.00578974
0.0967662
0.0967662
0.0967662
0.0967662
0.0967662
0.0967662
0.0163957
0.0967662
0.0967662
0.0967662
0.0967662
0.0967662
0.0967662
0.0967662
0.0967662
0.0967662
0.0967662
0.0967662
0.0967662
0.0967662
0.0475525
0.022887
0.0423122
0.00144411
3.33067e-16
0.00197593
7.77156e-16
0.0475525
6.93889e-18
1.11022e-15
0.0157254
0.0507213
0.0423122
0.02021
7.21645e-16
0.0146382
0.0129882
0.0115126
1.55431e-15
0.022887
0.0967662
5.55112e-17
0.0967662
0.0967662
0.0967662
0.0967662
0.0967662
0.0967662
0.0967662
0.0967662
0.0967662
0.0967662
0.0967662
0.0967662
0.0294384
0.0967662
0.0967662
0.0967662
0.0967662
0.0967662
3.88578e-16
0.00391462
0.0363631
3.96164e-05
0.0363631
0.0151248
0.0017286
0.0314027
4.44089e-16
0.00461466
0.0213403
0.0314027
0.0283419
0.00218551
0.00446352
0.00119993
0.0419183
1.9984e-15
0.0248578
0.00840809
0.0967662
0.0507213
0.0967662
0.0967662
0.0967662
0.101544
0.0967662
0.0967662
0.0967662
0.0967662
0.0967662
0.0967662
0.0967662
0.0967662
0.0967662
0.0967662
0.0967662
0.0967662
0.0967662
0.0967662
0.101544
0.0340313
0.0475525
0.0967662
0.00368097
4.996e-16
0.0423122
0.00634073
0.00637555
0.00573572
0.014683
0.0291224
0.041213
0
0.0102263
0.00188034
2.44249e-15
0.0340465
1.94289e-16
1.11022e-16
0.0967662
0.0967662
0.0967662
0.101544
0.0967662
0.0967662
0.0967662
0.0967662
0.0967662
0.0967662
0.0967662
0.0967662
0.0967662
0.0967662
0.0967662
0.0967662
0.0967662
0.0967662
0.101544
0.0967662
1.11022e-16
0.00271162
5.55112e-17
0.00673634
0.00634073
0.0133384
0.000837925
0.0115126
0.0213403
0.0186034
1.11022e-16
0.0257636
6.10623e-16
7.77156e-16
0.0157254
0.0137307
1.11022e-16
0.0101166
0.0157254
8.88178e-16
0.0967662
0.0967662
0.0967662
0.0967662
0.0967662
0.0967662
0.0246801
0.0967662
0.0967662
0.0967662
0.0967662
0.0967662
0.101544
0.101544
0.101544
0.0967662
0.101544
0.0967662
0.0967662
0.0967662
2.22045e-16
5.55112e-17
0.0169087
3.33067e-16
9.76739e-06
0.00825025
0.0436155
0.00877914
0.0561437
0.0561437
0.00461466
0.0561437
2.77556e-17
0.000837925
0.0363631
0.0340465
0.00461466
0.00602998
0.0137307
0.0137307
0.0967662
0.0967662
0.0967662
0.101544
0.101544
0.0967662
0.0967662
0.0967662
0.0967662
0.0967662
0.0967662
0.0967662
0.0967662
0.101544
0.101544
0.0967662
0.0967662
0.0967662
0.0967662
0.0187007
0.0248578
0.00271164
6.66134e-16
0.00371174
0.0257636
0.0314027
0.00675906
0.00578974
0.014683
0.00197593
0.0363631
0.00562308
0.000837925
0.0137307
3.96164e-05
0.0246801
0.0363631
0.02021
0.0248578
2.22045e-16
0.0967662
0.0967662
0.101544
0.0967662
0.101544
0.0437097
0.101544
0.101544
0.0131523
0.0967662
0.0967662
0.0967662
0.0967662
0.101544
0.0967662
0.0967662
0.0967662
0.0967662
0.0967662
0.0120409
0.084757
0.0333315
0.010973
0.0190387
0.0449702
0.00731443
0.010068
0.0231418
0.00391462
0.000842808
0.00100387
0.00176527
0.00391462
0.00274048
0.00461466
0.00197593
0.0283419
0.0283419
0.00176527
6.66134e-16
0.0967662
0.0967662
0.0967662
0.101544
0.0967662
0.101544
0.0967662
0.0967662
0.101544
0.0967662
0.0967662
0.0967662
0.0967662
0.101544
0.101544
0.101544
0.0437097
0.0967662
0.0363631
0.0967662
0.0326271
1.66533e-16
0.101544
0.00103317
0.0326064
0.0172836
0.00706469
0.00825025
0.0967662
0.00391462
0.0967662
0.02021
7.77156e-16
0.0363631
0.0363631
0.0645576
0.00621663
0.0151248
0.0231418
0
0.0967662
0.0967662
0.101544
0.0967662
0.0967662
0.101544
0.0967662
4.44089e-16
0.101544
0.084757
0.0967662
0.0967662
0.0967662
0.0967662
0.0436458
0.101544
0.0967662
0.101544
0.101544
0.0967662
0.00693484
0.0115126
0.00709774
0.0183258
0.0169087
0.00371174
0.0248578
5.4417e-05
0.0122842
0.0363631
0.00825025
0.0137307
0.0362254
0.061001
0.0363631
0.00573572
0.0231418
3.96164e-05
6.66134e-16
0.00825025
0.0967662
0.101544
0.0967662
0.0967662
0.0967662
0.0967662
0.0967662
0.101544
0.101544
0.0967662
0.0967662
0.0967662
0.101544
0.0967662
0.101544
0.0967662
0.101544
0.101544
0.0967662
0.101544
0.00461466
0.0362254
0.00155307
0.0218336
0.00813537
0.0175506
6.66134e-16
0.0411481
0.0634875
0.0155158
2.77556e-17
0.0183258
0.0283419
0.0561437
1.11022e-16
0.00637556
0.0507213
0.00156865
0.00621663
0.0137307
0.0122832
0.0967662
0.101544
0.0967662
0.00198007
0.0967662
0.0967662
0.101544
0.0967662
0.101544
0.0967662
0.0967662
0.0967662
0.101544
0.101544
0.101544
0.0967662
0.101544
0.0751916
0.101544
0.00276331
3.33067e-16
2.77556e-16
0.0251698
0.0257636
0.0232631
0.0128141
0.0972716
0.0115126
0.0363631
5.55112e-16
1.11022e-16
0.0134861
0.0178309
6.66134e-16
6.66134e-16
0.0108104
0.00358281
0.0362254
0.0244994
0.0967662
0.0967662
0.0519786
0.101544
0.101544
0.0967662
0.101544
0.0967662
0.0751916
0.101544
0.0436888
0.0967662
0.0634875
0.101544
0.0967662
0.101544
0.101544
0.101544
0.0967662
0.0967662
0.101544
2.22045e-16
0.101544
0.101544
0.0257636
2.77556e-17
0.00813537
2.77556e-16
0.0409062
1.11022e-15
0.0344435
0.0489994
1.11022e-16
0.0967662
0.0161309
1.9984e-15
0
0.0183258
0.0257636
9.99201e-16
0.101544
0.0967662
0.0634875
0.0967662
0.101544
0.0967662
0.101544
0.0967662
0.0972716
0.0967662
0.0967662
0.101544
0.101544
0.00744074
0.101544
0.101544
0.101544
0.00108148
0.0751916
0.101544
0.101544
1.11022e-16
0.00416144
0.0215593
0.00637556
0.000313448
0.00636159
0.00257853
0.0248578
0.00813537
1.33227e-15
0.101544
0.00300649
0.051069
0.0363631
0.0320148
0.017292
0.0183258
0.0363631
0.0180926
0.0967662
0.101544
0.101544
0.0972716
0.0967662
0.101544
0.101544
0.0967662
0.0967662
0.0967662
0.0967662
0.101544
0.101544
0.101544
0.101544
0.101544
0.101544
0.101544
0.101544
0.101544
0.0231034
0.00108491
0.0147345
2.22045e-16
0.00119993
7.77156e-16
0.0410006
0.0104987
0.000313448
0.00119993
0.00612623
0.00132535
0.0257636
0.000366961
0.000366961
5.82867e-16
0.072812
0.0017286
0.00119993
0.0172528
0.101544
0.0972716
0.101544
0.101544
0.101544
0.0967662
0.101544
0.0326271
0.101544
0.101544
0.00823757
0.0967662
0.101544
0.101544
0.101544
0.101544
1.94289e-16
0.0967662
0.101544
0.101544
0.0559881
0.01991
0.0170867
0.0333315
0.101544
7.77156e-16
0.101544
2.22045e-16
0.101544
0.101544
0.00622044
3.33067e-16
0.00108491
0.00843912
0.00387178
0.0115126
0.0326064
0.0561437
0.0229505
0.00132693
0.101544
0.101544
0.101544
0.0967662
0.101544
0.101544
0.101544
0.101544
0.0972716
0.101544
0.101544
0.0115175
0.101544
0.101544
0.101544
0.0967662
0.0410006
0.101544
0.101544
0.072812
0.101544
0.038631
0.0362254
0.0398933
0.0218336
0.0146096
0.0369539
0.0215593
0.101544
5.23974e-05
0.0263216
0.00292999
0.101544
0.0197582
6.66134e-16
0.101544
3.33067e-16
0.00637556
0.00637556
0.00189387
0.0233642
0.101544
0.101544
0.101544
0.101544
0.101544
0.0972716
0.101544
0.101544
0.101544
0.101544
0.101544
0.101544
0.101544
0.101544
0.101544
0.101544
0.101544
0.101544
0.101544
0.0340313
0.00271162
0.00612623
0.0428282
0.00103317
0.0117165
2.22045e-16
0.00612623
0.0272759
0.00132535
0.0257636
0.0137265
0.0169087
0.00612623
0.00132535
0.00461466
0
2.77556e-16
0.0437549
2.22045e-16
0.101544
0.0440475
0.101544
0.101544
0.101544
0.101544
0.101544
0.101544
0.101544
0.101544
0.101544
0.0180204
0.101544
0.101544
0.101544
0.101544
0.101544
0.101544
0.101544
0.101544
0.00920376
0.00011886
0.00282362
0.0282573
0.00119993
6.66134e-16
0.000792352
0.0395924
0.00300649
0.0263216
0.0410006
0.0175506
0.0206641
0.00282357
0.000362477
0.0263216
1.11022e-15
0.00181602
0.00675166
0.0577964
0.101544
0.101544
0.0440475
0.101544
0.101544
0.101544
0.101544
0.101544
0.101544
0.101544
0.101544
0.101544
0.101544
0.101544
0.101544
0.101544
0.101544
0.00469786
0.101544
0.101544
0.0449702
0.0251698
0.00843912
0.0410006
0.00121477
0.0169087
0.0175506
0.0152195
0.000313448
0.00996675
0.0180926
0.0505188
3.33067e-16
0.0559881
0.0146096
7.77156e-16
0.000536637
0.0180926
0.0032108
0.00406167
0.101544
0.101544
0.101544
0.101544
0.101544
0.0577964
0.101544
0.101544
3.33067e-16
0.101544
0.101544
0.101544
0.101544
0.101544
0.101544
0.101544
0.101544
0.101544
0.0240372
0.101544
0.0032291
0.0397555
0.0176177
0.0972716
9.76739e-06
0.0251975
0.00566052
4.44089e-16
0.101544
2.22045e-16
0.00121477
0.010973
0.0058764
0.051069
0.000536634
0.0194085
0.101544
0.023171
0.0205197
0.0214676
0.101544
0.101544
0.101544
0.101544
0.101544
0.0559881
0.101544
0.101544
0.101544
0.101544
0.101544
0.101544
0.101544
0.101544
0.101544
0.0577964
0.101544
0.101544
0.101544
0.101544
0.0117165
0.084757
0.101544
0.00461466
0.0410006
0.0251698
0.0152195
0.101544
0.101544
0
0.00103317
0.0218336
0.101544
0.0362254
0.0333315
0.00282361
0.0152195
0.0104987
0.0272759
0.0251698
0.101544
0.101544
1.66533e-16
0.101544
0.101544
0.0139565
0.101544
0.101544
0.101544
0.101544
0.101544
0.101544
0.101544
0.101544
0.101544
0.101544
0.101544
0.101544
0.101544
0.101544
0.0745951
0.101544
2.91434e-16
0.0155161
6.3131e-06
0.0360208
0.00198007
0.00181369
6.3131e-06
0.00968154
2.50772e-10
0.0803148
6.3131e-06
0.0146096
0.0383901
0.0248578
0.0326064
0.00108491
2.77556e-16
0.063663
0.101544
0.101544
0.101544
0.101544
0.101544
0.101544
0.101544
0.101544
0.101544
0.101544
0.101544
0.101544
0.101544
0.101544
0.101544
0.101544
0.101544
0.101544
0.101544
0.101544
0.00323516
4.70401e-13
0.00417929
0.0230227
0.0449702
0.00718664
0.0359885
1.66533e-16
0.101544
0.0174244
4.16334e-17
0.00121477
0.00843912
0.101544
0.101544
0.0174244
0.0398933
1.9984e-15
3.88578e-16
0.0288618
0.101544
0.101544
0.101544
0.101544
0.101544
0.101544
0.101544
0.101544
0.101544
0.101544
0.101544
0.101544
0.00364912
0.101544
0.101544
0.101544
0.101544
0.101544
0.101544
0.101544
0.0410006
0.0272759
0.0263216
0.084757
0.0257636
0.0436993
0.024005
3.05311e-16
0.00423326
9.4369e-16
0.0275279
2.77556e-16
0.0410324
1.66533e-15
0.0333315
0.00132535
0.00103317
8.32667e-17
9.99201e-16
0.00258964
0.101544
0.101544
0.101544
0.101544
0.101544
0.101544
0.101544
0.101544
0.101544
0.101544
0.101544
0.101544
0.101544
0.101544
0.101544
0.101544
0.101544
0.101544
0.0205352
0.101544
0.00119993
0.0230227
0.0247344
0.0360208
3.33067e-16
5.4417e-05
0.00323516
0.0263216
0.000366961
0.0147345
0.00108491
0.00119993
0.00842444
0.0263216
0.00612623
0.0124067
0.0097269
0.101544
0.0410006
0.000366961
0.00611222
0.101544
0.101544
0.101544
0.101544
0.101544
0.101544
0.101544
0.101544
0.0317723
0.101544
0.101544
0.101544
0.101544
0.101544
0.101544
0.101544
0.101544
0.101544
0.101544
1.11022e-16
0.00637556
1.66533e-15
0.0215593
0.0410326
0.0651463
0
0.00821382
4.996e-15
2.22045e-16
0.00132535
0.00121477
0.00453632
0.0284759
0.0207928
0.0056492
0.0428282
0.0152195
0.101544
1.66533e-16
0.101544
0.101544
0.101544
0.101544
0.101544
0.0206001
0.101544
0.101544
0.101544
0.101544
0.101544
0.101544
0.101544
0.101544
0.101544
0.101544
0.101544
0.101544
0.101544
0.101544
0.0241827
0.0972716
0.101544
0.0248578
0.101544
0.00843912
0.0174244
0.00371174
0.101544
0.101544
0.00695639
0.0668993
0.0186938
0.00555077
0.0175506
0.0410006
9.76739e-06
0.101544
4.44089e-16
0.00773279
0.101544
0.101544
0.101544
0.101544
0.101544
0.101544
0.101544
0.101544
0.101544
0.101544
0.0259684
0.101544
0.101544
0.101544
0.101544
0.101544
0.101544
0.101544
0.101544
0.101544
0.0967662
1.11022e-15
0.00181369
0.0146096
0.0135055
0.0308118
0.0056492
0.0175506
0.0152195
0.00132535
0.00612623
0.0398933
0.051069
0.0192917
9.4369e-16
2.22045e-16
0.101544
0.0174244
0.101544
0.00534327
0.101544
0.101544
0.101544
0.101544
0.101544
0.101544
0.101544
0.036948
0.101544
0.101544
0.101544
0.101544
0.101544
0.101544
0.101544
0.101544
0.101544
0.101544
0.101544
0.101544
0.00103317
0.101544
0.0218479
5.23974e-05
0.0315229
0.000366961
0.084757
0.00121477
0.0315602
0.00119993
0.101544
0.0169087
0.0051243
0.0626746
0.0272759
0.00968154
2.22045e-16
0.00187298
0.0559881
0.00198007
0.101544
0.101544
0.101544
0.101544
0.101544
0.101544
0.101544
0.101544
0.101544
0.101544
0.101544
0.00578974
0.101544
0.101544
0.101544
0.101544
0.101544
0.101544
0.101544
0.101544
0.0094754
0.0410006
0.000562216
0.0130395
0.0049369
0.0197582
0.0115126
0.0651463
0.00461466
0.0428282
0.00181369
0.00920376
0.0967662
0.00108549
1.22125e-15
0.000313448
2.22045e-16
0.0172836
0.0216285
0.0158643
0.101544
0.101544
0.101544
0.101544
0.101544
0.101544
0.101544
0.101544
0.101544
0.101544
0.101544
0.101544
0.101544
0.00612623
0.101544
0.101544
0.101544
0.101544
0.101544
0.101544
0.00698374
0.0359221
7.77156e-16
0.0651463
0.00750054
0.00276331
0.0317903
0.084757
0.0428282
1.11022e-16
0.0315062
0.0230227
2.22045e-16
5.23974e-05
2.05391e-15
0.0336281
0.0626746
0.084757
1.66533e-16
0.00323516
0.101544
0.101544
0.101544
0.101544
0.101544
0.101544
0.101544
0.101544
0.101544
0.101544
0.101544
0.101544
0.101544
0.101544
0.101544
0.101544
0.101544
0.101544
0.101544
0.101544
0.000366961
0.0152195
0.101544
0.00968154
0.000366961
0.0317189
0.101544
0.0278895
0.084757
0.00461466
0.00119993
0.00198007
0.00119993
8.4821e-14
3.33067e-16
0.00920376
0.101544
0.0049369
0.0138594
0.101544
0.101544
0.101544
0.101544
0.101544
0.101544
0.101544
0.0206001
0.101544
0.101544
0.101544
0.101544
0.101544
0.101544
0.101544
1.11022e-16
0.101544
0.101544
0.101544
0.101544
0.101544
0.00885314
0.101544
0.00794278
0.000366961
0.101544
0.0559881
0.0398155
0.0248578
0.00419405
0.00181369
0.0967662
1.249e-16
0.0254392
0.101544
0.0174244
0.00119993
0.0972716
0.00688553
0.00453632
0.101544
0.101544
0.101544
0.101544
0.101544
0.101544
0.101544
0.101544
0.101544
0.101544
0.101544
0.101544
0.101544
0.101544
0.101544
0.101544
0.101544
0.101544
0.101544
0.101544
0.101544
3.33067e-16
0.00108549
0.00276331
0.0275279
0.101544
0.00553825
0.0263216
2.08167e-16
0.101544
0.00198007
1.11022e-16
0.00968154
0.0307883
0.0410006
0.0359221
0.00246522
0.101544
0.0172836
0.101544
0.00698374
0.101544
0.101544
0.101544
0.101544
0.101544
0.101544
0.101544
0.101544
0.101544
0.00874444
0.101544
0.101544
0.101544
0.101544
0.101544
0.101544
0.101544
0.101544
0.101544
0.101544
0.0391782
0.0230227
0.00529834
0.0254392
0.00953683
0.00709964
0.0449702
2.10942e-15
0.00323516
0.00276331
0.101544
0.0257636
0.0410006
0.00843912
0.0254392
0
0.101544
0.0359885
0.051069
0.00693484
0.101544
0.101544
0.0972716
0.101544
0.101544
0.101544
0.101544
0.101544
0.101544
0.101544
0.101544
0.101544
0.101544
0.101544
0.101544
0.101544
0.101544
0.0656446
0.101544
0.101544
0.00119993
0.000366961
0.0428282
0.0398933
0.0559881
0.0362254
0.101544
0.0170707
0.0210624
0.0175506
0.0197508
0.00926052
0.0169087
0.024002
0.0118582
9.99201e-16
0.101544
0.00997768
0.00461466
0.101544
0.00775373
0.101544
0.101544
0.101544
0.101544
0.101544
0.101544
0.101544
0.101544
0.00181369
0.101544
0.101544
0.101544
0.101544
0.101544
0.101544
0.101544
0.101544
0.101544
0.101544
0.0135055
0.0158344
0.101544
0.0215624
0.0115293
0.0230227
0.0257636
2.22045e-16
0.0410006
0.101544
0.00271163
0.0304024
0.0152195
0.00323516
0.00224448
0.0174155
2.22045e-16
0.0230227
3.33067e-16
0.00323516
0.101544
0.101544
0.101544
0.101544
0.101544
0.101544
0.101544
0.101544
0.101544
0.101544
0.101544
0.101544
0.101544
0.101544
0.101544
0.101544
0.101544
0.101544
0.101544
0.101544
0.00968154
0.0559881
0.00553825
0.0275357
1.77636e-15
0.00198007
0.101544
0.00788782
0.0012727
0.101544
0.0275357
2.22045e-16
0.00606719
0.00553825
0.0359885
0.0169087
0.0398933
0.101544
0.101544
0.00108549
0.101544
0.101544
0.101544
0.000939498
0.101544
0.101544
0.101544
0.101544
0.101544
0.101544
0.101544
0.101544
0.101544
0.101544
0.101544
0.101544
0.101544
0.101544
0.101544
0.101544
0.0410006
0.0410006
0.0166993
0.00253657
0.00255786
0.0410006
0.0559881
9.76739e-06
0.101544
0.00773279
0.0256575
0.101544
0.101544
9.76739e-06
0.0289146
0.101544
0.00201027
0.0214811
0.0289146
0.0256575
0.101544
0.101544
0.101544
0.101544
0.101544
0.101544
0.101544
0.101544
0.101544
0.101544
0.101544
0.101544
0.101544
0.101544
0.101544
0.101544
0.101544
0.0109068
0.101544
0.101544
0.00920376
0.101544
0.0359885
0.00926052
0.0254392
0.00708118
0.039659
0.0115293
0.0304024
0.0686808
0.00300516
0.0296661
0.101544
4.84501e-13
2.35922e-16
0.101544
0.00186868
0.0391424
0.00564876
0.00731524
0.101544
0.101544
0.101544
0.101544
0.101544
0.101544
0.101544
0.101544
0.101544
0.101544
0.101544
0.101544
0.101544
0.101544
0.101544
0.101544
0.101544
0.101544
0.101544
0.101544
0.0326064
0.0058764
0.101544
5.4417e-05
5.4417e-05
0.0118582
0.101544
0.00968154
0.0097269
0.000313448
0.0039903
0.0357122
0.0597959
0.00794278
0.0410006
0.0634875
9.76739e-06
0.00453632
0.0362254
0.00968154
0.101544
0.101544
0.101544
0.101544
0.00725669
0.101544
0.101544
0.101544
0.101544
0.101544
0.101544
0.101544
0.101544
0.101544
0.101544
0.101544
0.101544
0.101544
0.101544
0.101544
0.00737132
0.0336281
0.0383977
0.00300649
0.0359885
8.88178e-16
0.0257636
0.101544
6.3131e-06
0.0410006
6.3131e-06
0.0102596
0.0626746
0.0276224
0.00163573
0.0248578
0.0142054
0.00241346
0.00829388
0.0180926
0.00644756
0.101544
0.101544
0.101544
0.101544
0.101544
0.0325451
0.101544
0.0240372
0.101544
0.101544
0.101544
0.101544
0.101544
0.101544
0.101544
0.101544
0.101544
0.101544
0.101544
0.101544
0.00257874
0.0410006
0.0152607
0.0410006
0.0296661
0.101544
0.00553825
0.00292456
0.0919244
0.0410006
0.101544
0.0025691
0.00108549
0.000217836
0.00461466
0.0410006
1.77636e-15
0.101544
0.101544
0.101544
0.101544
0.101544
0.101544
0.101544
0.101544
0.101544
0.101544
0.101544
0.101544
0.101544
0.101544
0.101544
0.101544
0.101544
0.101544
0.101544
0.101544
0.101544
0.0626746
0.00773279
0.00737131
0.0597959
1.33227e-15
0.101544
0.00947552
0.084757
0.101544
0.101544
9.76739e-06
1.88738e-15
0.101544
0.0405727
0.00794278
0.0333315
0.101544
0.00968154
5.4417e-05
0.0158643
0.101544
0.101544
0.101544
0.101544
0.101544
0.101544
0.101544
0.101544
0.101544
0.101544
0.101544
0.101544
0.101544
0.101544
0.101544
0.101544
0.101544
0.101544
0.101544
0.0410006
0.101544
0.0398933
0.00108491
0.101544
0.00788782
0.0967662
0.012549
0.0147345
3.33067e-16
0.101544
0.00553825
0.00108549
0.00158619
0.0967662
0.0398933
0.00417377
0.00993013
0.00637556
0.00788782
0.00181369
2.22045e-16
0.101544
0.101544
0.101544
0.101544
0.101544
0.101544
0.0151758
0.101544
0.101544
0.101544
0.101544
0.101544
0.101544
0.0183467
0.101544
0.101544
0.101544
0.101544
0.101544
0.101544
0.0254392
7.77156e-16
1.6325e-05
1.11022e-16
0.0158643
0.00731668
0.00282357
1.11022e-16
0.024005
0.00885314
0.00849818
0.0465428
0.0410006
0.0410006
0.0360223
8.88178e-16
0.000313448
0.00885314
0.0105278
0.00163573
0.101544
0.101544
0.101544
0.101544
0.101544
0.101544
0.101544
0.101544
0.101544
0.101544
0.101544
0.101544
0.101544
0.101544
0.101544
0.101544
0.101544
0.101544
0.101544
0.101544
0.0315602
0.0168916
0.0203081
0.0147345
0.101544
0.00158619
0.0174244
0.0169087
0.101544
0.00121477
0.00121477
0.00300649
0.0336281
0.012549
0.0315602
0.00011886
0.0456396
2.55351e-15
0.00108491
0.0559881
0.101544
0.101544
0.101544
0.101544
0.101544
0.101544
0.101544
0.101544
0.0751916
0.101544
0.101544
0.101544
0.101544
0.101544
0.101544
0.101544
0.0105484
0.101544
0.101544
0.101544
0.0120761
9.99201e-16
6.3131e-06
0.0721968
0.0560769
0.101544
0.0254392
0.101544
0.0336281
0.0219691
0.0174244
0.0175506
0.00633544
0.00693484
7.21645e-16
0.000529675
0.101544
0.0257636
0.0168373
0.101544
0.0677403
0.101544
0.101544
0.101544
0.101544
0.101544
0.00147436
0.101544
0.101544
0.101544
0.101544
0.101544
0.101544
0.101544
0.101544
0.0365186
0.101544
0.101544
0.101544
0.101544
0.0296661
0.0234488
0.00052967
0.0967662
0.101544
0.0025681
0.0254392
0.0175506
0.0410006
0.00181369
0.0145625
0.0410006
0.0039755
0.0230227
0.000531487
0.00323516
0.0025363
0.00121477
0.0152195
0.0308332
0.101544
0.101544
0.101544
0.101544
0.101544
0.101544
0.101544
0.101544
0.101544
0.101544
0.101544
0.101544
0.101544
0.101544
0.101544
0.101544
0.101544
0.101544
0.101544
0.101544
0.0967662
0.0288061
0.00920376
0.0282625
1.33227e-15
0.00119993
0.00181369
0.0559881
0.000996998
0.000376171
0.0410326
0.00564873
0.0266987
0.0152195
0.000366961
0.0409061
0.00105932
0.0058764
0.0428282
0.00105932
0.101544
0.101544
0.101544
0.101544
0.101544
0.101544
0.101544
0.101544
0.101544
0.0351535
0.101544
0.101544
0.101544
0.101544
0.101544
0.101544
0.101544
0.101544
0.101544
0.101544
0.035674
0.0201613
0
0.00252496
0.0118582
0.0215593
0.0170867
0.00300649
0.00637556
0.0175506
0.0395057
0.00737129
0.0211279
0.00968154
0.00739286
0.0248578
0.0362254
0.0559881
0.0408417
9.76739e-06
0.101544
0.101544
0.101544
0.101544
0.101544
0.101544
2.0407e-10
0.101544
2.22045e-16
0.101544
0.101544
0.101544
0.101544
0.101544
0.101544
0.101544
0.0297117
0.101544
0.101544
0.101544
0.101544
0.101544
0.0254392
0.000313448
0.0254392
0.00217561
0.0302265
0.00103317
0.00637556
0.00476062
0
0.0152195
0.0272759
0.0559881
0.00885314
0.0410006
0.0215593
1.11022e-15
5.55112e-17
0.00154722
0.0396195
0.101544
0.101544
0.101544
0.101544
0.101544
0.0559881
0.101544
0.101544
0.101544
0.101544
0.101544
0.101544
0.101544
0.101544
0.101544
0.101544
0.101544
0.101544
0.101544
0.00915512
0.00993013
0.0115293
0.0197582
0.0152195
0.0197582
9.99201e-16
0.0206001
0.00265749
0.0174244
1.33227e-15
0.0158643
0.00271162
0.0144695
2.22045e-16
0.00328192
5.55112e-17
0.0056492
0.0152195
4.996e-16
0.101544
0.0152195
0.101544
0.101544
0.101544
0.0306559
0.101544
0.101544
0.101544
0.101544
0.101544
0.101544
0.101544
0.101544
0.101544
0.101544
0.101544
0.101544
0.101544
0.101544
0.00126976
0.0168916
0.00968154
0.084757
0.101544
4.44089e-16
0.101544
0.0597959
0.0134857
0.0777211
0.0152195
0.0147345
0.00204701
0.00181168
0.101544
0.101544
0.0316848
6.10623e-16
0.00108491
0.051069
0.101544
0.101544
0.101544
0.101544
0.101544
0.101544
0.101544
0.101544
0.0306559
0.101544
0.101544
0.101544
0.101544
0.101544
0.101544
0.101544
0.101544
0.101544
0.101544
0.101544
0.084757
0.0298256
0.0012727
0.0449702
0.00849798
0.0169087
0.0336281
0.0559881
0.00773279
0.101544
0.00265749
0.00843912
0.101544
0.00416696
0.0252669
0.00695639
9.76739e-06
0.0972716
0.0359885
0.0158643
0.101544
0.101544
0.00089785
0.101544
0.101544
0.101544
0.101544
0.101544
0.101544
0.101544
0.101544
0.101544
0.101544
0.0157338
0.101544
2.33147e-15
0.101544
0.101544
0.101544
0.101544
0.0169087
0.0058764
0.012549
0.0257636
0
0.101544
0.0296661
9.76739e-06
0.0410006
0.00968154
0.00773279
0.0626746
0.00255277
0.0102596
4.996e-16
0.012549
0.00365817
0.0597959
0.0197582
0.0559881
0.101544
0.101544
0.101544
0.101544
0.101544
0.0160093
0.101544
0.101544
0.101544
0.101544
0.101544
0.101544
0.101544
0.101544
0.101544
0.101544
0.101544
0.101544
0.101544
0.101544
0.0058764
0.0151556
0.101544
0.00198007
0.00353988
0.101544
0.101544
0.00968154
0.0330248
6.66134e-16
9.21485e-15
9.76739e-06
0.0097269
0.00968154
0.00198007
4.996e-16
5.4417e-05
0.101544
2.22045e-16
3.33067e-16
0.101544
0.101544
0.101544
0.101544
0.101544
0.101544
0.0144695
0.101544
0.0181336
0.101544
0.101544
0.101544
0.101544
0.101544
0.101544
0.101544
0.101544
0.101544
0.101544
0.101544
0.0216285
0.00371174
0.00968154
0.0169087
0.00181369
0.101544
0.0114036
0.0559881
0.0039755
0.00998704
0.0162195
0.0152195
0.0967662
0.00968154
0.0115137
0.0410324
0.0248578
0.0101617
0.00252496
0.00204701
0.101544
0.101544
0.101544
0.101544
0.101544
0.101544
0.101544
0.00293244
0.101544
0.101544
5.55375e-05
0.101544
0.101544
0.0436888
0.101544
0.101544
0.101544
0.101544
0.101544
0.101544
0.00698374
0.00011886
0.0972716
0.0104987
0.101544
0.00968154
0.00564875
6.3131e-06
6.3131e-06
0.00300649
0.00920376
0.101544
6.3131e-06
0.0359221
0.0648562
0.0282769
6.3131e-06
0.00198007
0.00204701
0.0204138
0.101544
0.101544
0.101544
0.101544
0.101544
0.0104228
0.101544
0.101544
0.101544
1.44329e-15
0.101544
0.101544
0.101544
0.0967662
0.101544
0.101544
0.101544
0.101544
0.0147546
0.101544
0.0410006
0.0275279
0.00788782
0.000313448
0.038841
0.0169087
0.00768182
0.0398933
0.0559881
0.002213
0.0275279
0.00926052
0.101544
3.60822e-16
0.0146096
0.0152195
0.0296661
0.0219691
0.0336281
0.00684247
0.101544
0.101544
0.101544
0.101544
0.101544
0
0.101544
0.101544
0.0972716
0.101544
0.101544
0.101544
0.101544
0.101544
0.101544
0.101544
0.101544
0.101544
0.101544
0.101544
0.00252496
0.0248578
0.101544
6.66134e-16
0.00132535
0.013431
0.101544
0.00121477
0.0428282
0.0296661
0.0282625
0.101544
0.101544
0.00397734
0.000529691
0.00300649
0.00423326
0.0336281
0.0559825
0.0158643
0.0319972
0.101544
0.101544
0.101544
0.101544
0.101544
0.101544
0.101544
0.101544
0.101544
0.101544
0.101544
0.101544
0.101544
0.101544
0.101544
0.101544
0.101544
0.101544
0.101544
0.00693484
0.00397734
0.0158643
0.0152195
0.0206001
0.000979042
0.101544
0.0102596
0.0158643
0.00906693
0.0254392
0.0039755
0.00265749
0.00412877
0.0264758
0.0626746
9.99201e-16
2.77556e-16
0.0197508
0.101544
0.101544
0.101544
0.101544
0.101544
0.101544
0.101544
5.61495e-14
0.101544
0.101544
0.101544
0.101544
0.101544
0.101544
0.101544
0.101544
0.101544
0.101544
0.101544
0.101544
0.00875561
0.101544
5.55112e-17
0.0197582
0.101544
0.0175506
0.101544
0.0259458
0
0.0185522
0.0234488
0.101544
0.101544
0.0248578
0.00794278
0.0410006
0.000313448
0.00968154
0.00198007
0.0254392
0.0197582
0.101544
0.101544
0.101544
0.101544
0.101544
0.101544
0.101544
0.101544
0.101544
0.000458219
0.101544
0.101544
0.101544
0.101544
0.0972716
0.101544
0.101544
0.101544
0.101544
0.101544
0.101544
0.0172836
0.00163573
9.99201e-16
0.00412877
0.0275279
0.0153223
0.000203906
0.0275357
0.00453632
0.0395988
0.00968154
0.101544
0.101544
6.3131e-06
0.00109392
0.0180926
0.00731505
0.000376171
0.101544
0.101544
0.101544
0.101544
0.101544
0.101544
0.00198007
0.101544
0.101544
0.101544
0.101544
0.101544
0.101544
0.101544
0.01965
0.101544
0.101544
0.101544
0.101544
4.44089e-16
0.101544
0.00773279
0.0146096
1.55431e-15
0.0215593
0.0169087
0.0559881
0.0362254
0.00637556
0.0175506
9.76739e-06
0.000366961
0.101544
0.00968154
0.0197508
0.00560438
0.00119993
0.101544
0.035674
0.0196405
0.0216285
0.101544
0.101544
0.101544
0.101544
0.101544
0.101544
0.101544
0.101544
0.101544
0.101544
0.101544
0.101544
0.101544
0.101544
0.101544
0.101544
0.101544
0.101544
0.101544
0.101544
0.0967662
0.101544
0.101544
0.0254392
0.0651463
0.0428282
0.00181369
0.00271162
0.101544
0.101544
0.101544
0.0972716
0.0384039
0.00968154
0.000362477
0.00695639
0.101544
0.0256575
0.0289146
0.00673634
0.0240372
0.101544
0.101544
0.101544
0.101544
0.101544
0.101544
0.101544
0.101544
0.101544
0.0669023
0.101544
0.101544
0.101544
0.101544
0.101544
0.101544
0.101544
0.0972716
0.101544
0.00817608
0.0398933
0.000313448
0.0563304
0.0123976
0.00265749
0.00788782
0.0410006
0.0494298
0.0158643
0.0137265
0.00271162
0.0320405
0.101544
0.00265749
0.0290608
0.0410006
0.0028434
0.0336281
0.101544
0.101544
0.101544
0.101544
0.101544
0.101544
0.101544
0.101544
0.101544
0.101544
0.101544
0.0108304
0.101544
0.101544
0.101544
0.0840087
0.101544
0.101544
0.101544
0.101544
0.101544
0.00163573
0.0336281
0.0572755
0.0357122
0.00688219
5.23974e-05
0.0599353
0.0410006
0.00968154
0.0180926
0.0235351
0.00731507
0.040756
9.76739e-06
0.0123976
0.0494298
0.00198007
0.00730542
0.0410006
0.0045479
0.101544
0.00295679
0.101544
0.101544
0.101544
0.101544
0.101544
0.101544
0.101544
0.101544
0.101544
0.101544
0.101544
0.101544
0.101544
0.101544
0.101544
0.101544
0.101544
0.101544
0.0058764
0.0410006
0.101544
0.00453632
0.101544
0.0163057
0.00236234
0.0597959
0.00132535
0.00323516
0.101544
0.0359885
0.0410006
0.101544
0.0175506
0.0028236
0.0381208
0.0230227
0.0166743
0.00108549
0.101544
1.11022e-16
0.101544
0.101544
0.101544
0.101544
0.101544
0.101544
0.101544
0.101544
0.101544
0.101544
0.101544
0.101544
0.101544
0.101544
0.101544
0.101544
0.101544
0.101544
0.00302165
0.0398933
0.0410006
0.0275279
0.0398933
0.000996998
0.0049369
0.00476062
0.0559881
0.0382414
0.00198007
1.74333e-12
0.00292456
0.00255502
0.00968154
0.00843912
0.0559881
0.00476062
0.00684232
0.0449702
0.0240372
0.101544
0.101544
0.101544
0.101544
0.101544
0.101544
0.101544
0.101544
0.101544
0.101544
0.101544
0.101544
0.101544
0.101544
0.101544
0.101544
0.101544
0.101544
0.101544
9.76739e-06
4.16334e-16
0.0634875
2.66454e-15
0.084757
0.00323516
0.0269735
0.0333315
0.0404074
0.00873342
0.0289146
0.0425257
0.0256575
0.101544
8.32667e-16
0.0073713
0.0304024
0.0326064
1.66533e-16
0.101544
0.101544
0.0361647
0.101544
0.101544
0.101544
0.101544
0.101544
0.101544
0.101544
0.101544
0.101544
0.101544
0.101544
0.101544
0.101544
0.101544
0.101544
0.101544
0.101544
0.101544
0.00993013
0.0340313
0.00920376
0.101544
0.0394489
0
0.0027116
0.00703474
0.0115126
0.00637556
0.101544
0.00204701
0.00553825
0.0130395
0.0180926
0.00673634
0.00163573
0.00108549
0.00553825
0.00252496
0.101544
0.00843912
0.101544
0.101544
0.101544
0.101544
0.101544
0.101544
0.101544
0.101544
0.000495791
0.101544
0.101544
0.101544
0.101544
0.101544
0.101544
0.101544
0.101544
0.101544
0.0972716
5.23974e-05
0.00920376
0.0111175
0.0045479
0.0494298
0.00344163
0.0158643
0.00695639
0.084757
0.00553825
0.00397734
0.0410006
0.00565227
0.101544
0.00956147
0.0235351
0.0410006
0.00252496
0.101544
0.101544
0.101544
0.101544
0.101544
0.101544
0.101544
0.101544
0.101544
0.101544
0.101544
0.101544
0.101544
0.101544
0.101544
0.101544
0.101544
0.101544
0.101544
0.101544
0.101544
0.00552897
0.00724209
0.000313448
0.000613341
0.00693484
0.0169087
0
9.76739e-06
0.0410006
0.0391101
0.0146096
0.00773279
0.0254392
0.00344163
0.0559881
0.101544
0.101544
0.0254392
0.00471283
0.0215624
0.101544
0.101544
0.101544
0.101544
1.11022e-16
0.101544
0.101544
0.101544
0.00926052
0.101544
0.101544
0.101544
0.101544
0.101544
0.101544
0.101544
0.101544
0.101544
0.101544
0.101544
0.0626746
0.101544
0.00121477
7.21645e-16
0.101544
0.101544
0.101544
0.0149133
0.00411449
4.44089e-16
0.00461466
0.0035862
3.33067e-16
0.0254392
5.23974e-05
6.3131e-06
0.0215593
0.101544
0.0235351
0.101544
0.101544
0.00423326
0.101544
0.101544
0.101544
0.101544
0.101544
0.101544
0.101544
0.101544
0.101544
0.101544
0.101544
0.101544
0.101544
0.101544
0.101544
0.0972716
0.101544
0.101544
0.00885314
0.000313448
0.00724217
6.3131e-06
3.33067e-16
0.0157545
0.0267284
0.0146096
0.101544
0.0410006
0.0147009
0.101544
0.0106108
0.0195387
0.0254392
0.0152195
0.0395392
0.0289146
0.0256575
0.101544
0.101544
0.101544
0.101544
0.101544
0.101544
0.101544
0.101544
0.00333737
0.101544
3.88578e-16
0.101544
0.101544
0.101544
0.101544
0.101544
0.101544
0.101544
0.101544
0.101544
0.101544
0.00198007
0.0256575
0.101544
0.00925426
0.0152195
0.00271162
0.00698374
0.0289146
0.0152195
0.0359221
0.0240372
0.0137265
0.0210275
0.101544
0.0254392
0.0334004
0.00968154
0.0039755
0.00968154
0.00693484
0.101544
0.101544
0.101544
0.101544
0.101544
0.0251119
0.101544
0.101544
0.101544
0.101544
0.101544
0.101544
0.101544
0.101544
0.101544
0.101544
0.101544
0.101544
0.101544
0.101544
0.00843912
0.000366961
0.101544
0.00300649
0.0410006
0.00993013
0.0293731
0.0248578
0.0197582
0.035364
0.00968154
0.00637556
0.00121477
0.101544
0.0494298
0.00553825
0.074912
0.00119993
1.11022e-16
0.0449702
0.101544
0.101544
0.101544
0.101544
0.101544
0.101544
0.101544
0.101544
0.101544
0.101544
0.101544
0.101544
0.101544
1.77636e-15
0.101544
0.101544
0.101544
0.101544
0.101544
0.101544
0.0409063
0.0166584
0.00103317
0.00181369
0.00252496
0.00890186
0.0967662
0.00812209
0.0152417
0.035674
0.0230227
0.101544
0.0272759
0.101544
0.0175506
0.0146096
0.0359885
0.0239348
2.22045e-16
0.0101177
0.101544
0.101544
0.101544
0.101544
0.101544
0.101544
0.101544
0.101544
0.101544
0.101544
0.101544
0.101544
0.101544
0.0436888
0.101544
0.101544
0.101544
0.101544
0.101544
0.101544
0.0275908
0.00103317
0.101544
0.101544
0.101544
0.0248578
0.0175506
0.00926052
0.0597959
0.00926052
0.00176527
0.0234879
0.0175506
0.101544
0.101544
0.101544
0.0559881
0.0121714
0.000376171
0.0232817
0.101544
0.101544
0.101544
0.0275975
0.101544
0.101544
0.101544
0.101544
0.101544
0.101544
0.101544
0.101544
0.101544
0.101544
0.101544
0.101544
0.0195387
0.101544
0.101544
0.101544
1.94289e-16
0.101544
0.00698374
0.000515922
0.00276331
0.0216285
0.0490102
0.00103317
0.00750054
0.0410006
0.0449702
1.11022e-16
6.66134e-16
0.00843912
0.101544
0.0197582
0.0248578
0.0056645
0.0703125
0.0230196
0.101544
0.101544
0.101544
0.101544
0.101544
0.101544
0.101544
0.101544
0.101544
0.0234574
0.0972716
0.101544
0.101544
0.101544
0.101544
0.101544
0.101544
0.101544
0.00653244
0.101544
0.00257858
0.00968154
1.11022e-16
0.035674
0.0230227
0.0501878
0.0168792
6.3131e-06
0.0410006
0.0175506
0.00319174
6.3131e-06
0.00377006
0.0175506
0.0359885
0.0197582
0.00941183
0.00405111
0.0326064
0.0159399
0.101544
0.101544
0.101544
0.101544
0.101544
0.101544
0.101544
0.101544
0.101544
0.101544
0.101544
0.101544
0.101544
0.101544
0.101544
0.101544
0.101544
0.101544
0.0972716
0.101544
0.00996123
0.0039755
0.101544
0.0410006
0.101544
0.0369539
0.0597959
0.00695639
5.23974e-05
0.00843912
1.38778e-15
0.0152195
0.0972716
0.00968154
0.0410006
0.0219691
0.063494
0.0158643
0.000313448
1.55431e-15
0.101544
0.101544
0.101544
0.101544
0.101544
0.101544
0.101544
0.101544
0.101544
0.101544
0.101544
0.101544
0.101544
0.101544
0.101544
0.101544
0.101544
0.101544
0.101544
0.101544
0.0248578
0.0597959
6.3131e-06
0.0137265
0.00794278
0.00968154
5.23974e-05
0.101544
0.0229635
3.33067e-16
0.101544
0.0409062
0.00698374
0.0234637
0.0359221
0.0443695
0.00271161
0.0311603
9.99201e-16
3.33067e-16
0.101544
0.101544
0.101544
0.101544
0.101544
0.101544
0.101544
0.101544
0.00769133
0.101544
0.101544
0.101544
0.101544
0.0175891
0.101544
0.00564873
0.101544
0.101544
0.101544
0.101544
0.0721968
0.00847215
0.00873342
0.00102996
0.0039755
0.00557184
0.0183611
0.0152195
2.22045e-16
0.000376171
0.00204701
0.0152195
0.0180926
0.000220127
0.101544
0.0254392
0.00509991
0.00252496
0.0158643
0.0216328
0.101544
0.101544
0.101544
0.101544
0.101544
0.101544
0.101544
0.101544
0.101544
0.0212386
0.101544
0.101544
0.101544
0.101544
0.101544
0.101544
0.101544
0.101544
0.101544
0.101544
6.3131e-06
0.0135055
5.23974e-05
0.00257803
0.0626746
0.0117358
0.0410006
0.0449702
0.000313448
0.00897876
0.0410006
9.99201e-16
0.101544
0.0229635
0.00693484
0.0254392
0.000245046
0.0197582
0.0568713
0.00163573
0.101544
0.101544
0.101544
0.101544
0.101544
0.101544
0.101544
0.101544
0.101544
0.101544
0.101544
0.101544
0.101544
0.101544
0.101544
0.101544
0.101544
0.101544
0.101544
0.101544
0.00635097
0.101544
0.0428282
0.00252496
0.0073152
0.0186927
0.00730542
0.0174244
0.0140402
0.00750054
0.0972716
0.000376171
0.0175506
0.00505994
0.0410006
0.040814
0.101544
8.32667e-16
0.011958
0.0304196
0.101544
0.0575407
0.101544
0.101544
0.101544
0.101544
0.101544
0.101544
0.101544
0.101544
0.101544
0.101544
0.101544
0.101544
0.101544
0.101544
0.0254392
0.101544
0.101544
0.101544
0.00453632
0.101544
1.55431e-15
0.101544
0.101544
0.0410325
4.44089e-16
0.0058764
0.101544
0.0559881
0.0410006
0.0777211
0.0449702
0.000767692
6.93889e-17
0.0449702
0.00843912
0.00843912
0.0146096
0.00257815
0.101544
0.101544
0.101544
0.101544
0.101544
0.101544
0.101544
0.101544
0.101544
0.101544
0.101544
0.101544
0.101544
0.101544
0.101544
0.101544
0.101544
0.101544
0.101544
0.101544
0.0296661
9.76739e-06
0.00773279
0.0152195
0.0651463
0.00103317
5.55112e-17
0.0175506
0.101544
0.0428282
0.101544
0.101544
0.0039755
0.00946965
0.0272759
0.0634875
0.101544
0.0113007
0.0185522
0.101544
0.101544
0.101544
0.101544
0.101544
0.00613201
0.101544
0.101544
0.101544
0.101544
0.101544
0.101544
0.0315464
0.101544
0.101544
0.101544
0.101544
0.101544
0.101544
0.101544
0.101544
0.0254392
0.0410006
0.0169087
0.0559881
0.00450348
0.00920376
0.0169087
0.0146096
0.0058764
0.00105932
0.00564873
4.16334e-17
1.11022e-16
0.000479817
0.00252496
0.00593935
0.0135055
0.00885314
0.084757
0.0559881
0.101544
0.101544
0.101544
0.101544
0.101544
0.101544
0.101544
0.101544
0.101544
0.101544
0.101544
0.101544
0.101544
0.101544
0.101544
0.101544
0.101544
0.101544
0.101544
0.00134821
0.00110296
6.66134e-16
0.000996998
0.00794278
0.101544
0.0449702
0.0559881
0.0946661
5.4417e-05
1.55431e-15
0.0152195
0.0111478
0.0656446
3.89219e-10
0.0115293
0.0122634
0.00926052
1.77636e-15
0.00132535
0.0184827
0.101544
0.101544
0.101544
0.101544
0.101544
0.101544
0.101544
0.101544
0.101544
0.0039755
0.101544
0.101544
0.101544
0.101544
0.101544
0.101544
0.0157509
0.101544
0.101544
0.101544
0.0597959
0.0291146
5.23974e-05
0.0197582
2.92909e-10
0.0028434
2.91434e-16
0.0175506
0.0282625
0.0336281
0.0219691
1.38778e-17
0.00968154
0.0296433
0.0185522
0.0428282
0.0626746
0.0197582
9.76739e-06
0.00265749
0.101544
0.101544
0.101544
0.101544
0.0111763
0.101544
0.101544
0.101544
0.101544
0.101544
0.101544
0.101544
0.101544
0.101544
0.101544
0.101544
0.101544
0.101544
0.101544
0.101544
0.0597959
0.0282769
0.0559881
0.00968154
1.11022e-16
0.0166993
0.00132535
0.0972716
0.00476062
0.0180008
0.0410006
0.00204701
0.00501357
0.00968154
1.33227e-15
0.00265749
0.00204701
0.0397555
0.00252496
0.00198007
0.101544
0.101544
0.00855082
0.101544
0.101544
0.101544
0.101544
0.101544
0.101544
0.101544
0.101544
0.101544
0.101544
0.101544
0.101544
0.101544
0.101544
0.101544
0.101544
0.101544
0.0175506
0.00103317
0.101544
0.0254392
3.33067e-16
0.0272759
0.00108549
0.0626746
0.0356068
0.035674
0.0326064
0.0146096
0.00292456
0.000362477
0.0568713
0.00435596
0.0634875
5.23974e-05
0.0410006
0.101544
0.0559881
0.101544
0.101544
0.101544
0.101544
0.101544
0.101544
0.0136682
0.101544
0.0039755
0.101544
0.101544
0.101544
0.0489695
0.101544
0.101544
0.101544
0.101544
0.101544
0.101544
1.38778e-16
1.11022e-16
0.0626746
5.23974e-05
0.0137265
0.101544
0.00252594
0.0210211
0.0248578
0.00499481
0.084757
0.0186395
0.032655
0.101544
0.101544
2.22045e-16
0.0656446
0.010973
0.0027116
8.32667e-16
0.101544
0.101544
0.101544
0.101544
0.101544
0.0634875
0.101544
0.101544
0.101544
0.101544
0.101544
0.101544
0.0803148
0.101544
0.101544
0.101544
0.101544
0.101544
0.101544
0.101544
0.0410006
0.00578974
0.00138437
8.88178e-16
4.996e-16
0.00265749
0.0289146
0.00843912
0.0174244
0.00553825
0.0304024
0.0168809
0.00342203
0.00553825
0.00926052
0.0449702
0.0256575
0.084757
0.00108549
0.00501357
0.101544
0.101544
0.101544
0.101544
0.101544
0.101544
0.101544
0.101544
0.101544
0.101544
0.101544
0.101544
0.101544
0.101544
0.101544
0.101544
0.101544
0.101544
0.101544
0.101544
0.0559881
1.249e-16
0.00476062
0.0146096
0.051069
0.0118582
0.101544
5.55112e-17
6.66134e-16
5.23974e-05
0.0282769
0.0626746
0.101544
0.00476062
0.00911386
0.0559881
0.101544
0.0362254
0.0409063
0.101544
0.101544
0.101544
0.101544
0.101544
0.101544
0.101544
0.101544
0.101544
0.101544
0.101544
0.101544
0.101544
0.101544
0.101544
0.101544
0.101544
0.101544
0.101544
0.101544
0.101544
0.0449702
0.0115293
6.3131e-06
0.00271162
0.00843912
0
0.00265749
0.023463
0.0390275
2.77556e-16
2.22045e-16
0.0102175
0.0206001
1.11022e-16
0.0338864
0.0248578
0.024005
6.3131e-06
0.0972716
0.00731442
0.101544
0.101544
0.101544
0.101544
0.101544
0.101544
0.101544
0.101544
0.101544
0.101544
0.101544
0.101544
0.101544
0.101544
0.101544
0.101544
0.101544
0.101544
0.101544
0.101544
0.00553825
0.00300649
0.0158643
0.00121477
0.0152195
0.00108491
0.00181369
0.00918264
0.101544
0.0315602
0.00565229
0.000313448
0.0410006
0.00108549
0.101544
0.00920376
0.0967662
0.0147345
0.00620238
0.0248578
0.0261948
0.101544
0.101544
0.101544
0.101544
0.101544
0.101544
0.101544
0.101544
0.101544
0.101544
0.101544
0.101544
0.101544
0.101544
0.101544
0.101544
0.101544
0.101544
0.101544
0.0257636
0.0325038
0.0410323
0.084757
0.0039755
0.101544
0.0186395
0.0152195
0.00198007
0.00423326
0.0039755
0.0289146
0.101544
0.0256575
0.101544
2.22045e-16
0.00968154
0.00132535
0.0152195
2.77556e-16
0.101544
0.101544
0.101544
0.101544
0.101544
0.101544
0.101544
0.101544
0.101544
0.101544
0.101544
0.101544
0.101544
0.101544
0.101544
0.101544
0.101544
0.101544
0.101544
0.101544
0.0282625
0.0186395
0.101544
2.22045e-16
0.000376171
0.00968154
0.00252496
0.00235824
0.0428282
0.0174244
0.00693484
0.0263216
0.0597959
0.00295665
0.101544
0.0254392
1.22125e-15
0.024005
0.0275357
0.00204701
0.00310862
0.101544
0.101544
0.101544
0.101544
0.0151626
0.101544
4.21885e-15
0.101544
0.0316613
0.101544
0.101544
0.101544
0.101544
0.101544
0.101544
0.101544
0.101544
0.101544
0.101544
0.101544
0.038631
0.101544
0.0102596
0.00132535
0.00588
0.00143642
0.0135055
0.0626746
0.084757
0.00450348
0.0244477
0.032094
0.101544
0.0336281
0.101544
0.0132952
0.0175506
0.0304196
0.0101645
0.101544
0.101544
0.101544
0.101544
0.101544
0.101544
0.101544
0.101544
0.101544
0.101544
3.92769e-05
0.101544
0.101544
0.101544
0.101544
0.101544
0.101544
0.0597959
0.101544
0.101544
0.0559881
0.0197582
0.00553825
0.101544
0.101544
6.35547e-10
0.101544
0.0169087
0.00108549
2.67387e-11
0.00964847
9.76739e-06
0.00843912
0.0256575
0.0180926
0.0289146
0.00968154
0.101544
0.0449702
0.00198007
0.101544
0.101544
0.101544
0.101544
0.101544
0.101544
0.101544
0.101544
0.101544
0.101544
0.101544
0.101544
0.101544
0.101544
0.101544
0.101544
0.101544
0.0436888
0.101544
0.101544
0.101544
0.00103317
4.84612e-14
0.0039755
0.0359885
0.0597959
0.00256816
0.0272759
0.0410006
0.00103317
0.0248578
0.0181157
0.0363852
0.0152195
0.00108491
0.00968154
0.0272759
0.0147345
0.101544
0.101544
0.101544
0.101544
0.101544
0.101544
0.101544
0.101544
0.101544
0.101544
0.101544
0.101544
0.101544
0.101544
0.101544
0.101544
0.101544
0.101544
0.101544
0.101544
0.101544
0.101544
0.0152195
0.00926052
0.00571525
0.00968154
0.00920376
0.101544
0.00323516
0.0152195
0.101544
0.101544
0.0230227
0.0184827
0.0721968
0.101544
0.101544
0.0175506
0.00926052
0.101544
0.0597959
0.00564874
0.101544
8.69375e-11
0.101544
0.101544
0.101544
0.101544
0.00448172
0.101544
0.101544
0.101544
0.101544
0.101544
0.101544
0.101544
0.101544
0.101544
0.101544
0.101544
0.101544
0.101544
0.0359221
0.00271162
0.00105932
0.0115137
0.0140936
0.0115293
0.00698374
0.0648562
0.00553825
0.0275908
0.101544
0.00606719
0.00968154
0.0282625
0.0058764
0.0428282
0.101544
0.0248578
0.0102596
0.0626746
0.101544
0.101544
0.101544
0.101544
0.101544
0.101544
0.101544
0.101544
0.101544
0.101544
0.101544
0.101544
0.101544
0.101544
0.101544
0.101544
0.101544
0.101544
0.101544
0.101544
0.0186395
0.0217923
1.38778e-15
9.99201e-16
0.00181369
0.0362254
0.0216166
0.00412877
1.11022e-15
0.0967662
0.0315602
0.101544
0.101544
0.00612623
0.00121477
0.0118582
0.0146096
0.0296661
0.00132535
0.051069
0.101544
0.101544
0.101544
0.101544
0.101544
0.101544
0.101544
0.101544
0.101544
0.101544
0.101544
0.101544
0.101544
0.101544
0.101544
0.101544
0.101544
0.101544
0.101544
0.101544
0.051069
0.0174244
0.0657771
0.0248578
0.0359885
1.16573e-15
0.00890676
0.0175506
0.101544
0.0166743
2.55351e-15
8.88178e-16
1.55431e-15
0.00121477
3.33067e-16
0.101544
0.00450348
0.0410006
0.0315602
0.0135055
0.101544
0.101544
0.101544
0.101544
0.101544
0.101544
0.101544
0.101544
0.101544
0.101544
0.101544
0.101544
0.101544
0.101544
0.101544
0.101544
0.101544
0.101544
0.101544
0.101544
0.101544
0.0152195
0.0272911
0.0721968
0.0206001
0.000313448
0.0157509
0.00265749
0.0152195
0.0282625
0.0410006
0.0972716
0.00344163
0.101544
0.0428282
0.00907476
0.0197582
0.0597959
0.00968154
0.0251698
0.101544
0.101544
0.0146616
0.101544
0.101544
0.101544
0.101544
0.101544
0.101544
0.101544
0.101544
0.101544
0.101544
0.101544
0.101544
0.101544
0.101544
0.101544
0.101544
0.101544
0.00423326
0.00926052
0.00132535
0.101544
0.0175506
0.00968154
0.0336281
0.0559881
0.000706036
0.0410006
0.0597959
0.00267413
0.101544
0.0152195
0.101544
0.00256656
0.0169087
3.46501e-13
3.60822e-16
0.101544
0.101544
0.101544
0.101544
0.101544
0.101544
0.101544
0.101544
0.027232
0.101544
0.101544
0.101544
0.101544
0.101544
0.101544
0.101544
0.101544
0.101544
0.101544
0.101544
0.101544
0.0153223
9.99201e-16
0.0234488
0.0254392
8.88178e-16
0.0257636
0.0272759
0.00397734
0.000376171
0.00103317
0.00423326
0.000376171
0.0317135
0.00257185
0.0158643
0.00730542
0.00730542
0.0410006
1.11022e-16
0.00132535
0.101544
0.101544
0.101544
0.101544
0.101544
0.101544
0.101544
0.101544
0.101544
0.0751916
0.101544
0.101544
0.101544
0.101544
0.101544
0.101544
0.101544
0.101544
0.101544
0.101544
0.0169087
0.101544
0.043964
0.0597959
3.33067e-16
9.76739e-06
0.00964847
0.0359885
0.00993013
0.0326064
0.00461466
0.0436888
0.00968154
0.00637556
0.023463
0.00319288
0.101544
7.77156e-15
0.101544
1.11022e-16
0.101544
0.101544
0.0316319
0.101544
0.101544
0.101544
0.101544
0.101544
0.101544
0.101544
0.00452347
0.101544
0.101544
0.101544
0.101544
0.101544
0.101544
0.101544
0.101544
0.101544
0.0111193
0.0142022
0.0175506
0.0248578
0.0304196
0.00252496
0.00453632
0.00264918
0.0363852
7.77156e-16
0.00204701
0.0362254
0.0058764
0.0967662
0.00181369
0.00265749
0.0315838
0.00105932
0.0101269
0.000376171
0.101544
0.101544
0.101544
0.101544
0.101544
0.101544
0.101544
0.101544
0.101544
0.101544
0.101544
0.101544
0.101544
0.101544
0.101544
0.101544
0.101544
0.101544
0.101544
0.101544
0.00606719
0.0326064
0.0272759
9.71445e-17
0.0146096
0.0152195
0.0634875
0.00968154
9.99201e-16
0.00198007
0.051069
0.101544
0.00768182
0.101544
0.101544
0.00756114
1.11022e-16
0.101544
0.0777211
0.00103317
0.101544
0.101544
0.101544
0.101544
0.101544
0.101544
0.101544
0.101544
0.101544
0.101544
0.101544
0.101544
0.101544
0.101544
0.101544
0.101544
0.101544
0.101544
0.101544
0.101544
1.77636e-15
0.00906481
0.00518404
1.75878e-10
0.0162361
0.0197582
0.024005
6.66134e-16
0.00773279
0.0158643
4.44089e-16
0.00968154
0.00968154
0.0559881
0.0049369
9.76739e-06
0.0169087
0.00461466
0.00920376
0.0282816
0.101544
0.101544
0.101544
0.00782606
0.101544
0.101544
0.101544
0.101544
0.101544
0.101544
0.101544
0.101544
0.0175506
0.101544
8.88178e-16
0.101544
0.101544
0.101544
0.101544
0.101544
0.0272759
0.0410006
2.77556e-16
0.00564876
0.0162022
0.0406905
0.0152195
0.0315602
0.0197582
4.77396e-15
0.0254392
0.00163573
0.000313448
0.00885314
0.00724211
0.0039755
6.3131e-06
0.00103317
2.44832e-13
0.0206002
0.011185
0.101544
0.101544
0.101544
0.101544
0.101544
0.101544
0.101544
0.101544
0.101544
0.101544
0.101544
0.101544
0.101544
0.101544
0.101544
0.101544
0.0559881
0.0282816
0.101544
0.0175506
0.0398933
0.00108549
0.0505188
1.05471e-15
0.0254392
0.00553825
0.00553825
0.0185522
0.101544
0.00693484
0.00108549
0.0146096
0.101544
0.0127352
0.0333315
0.0180926
0.084757
0.00279657
0.0135055
0.101544
0.0410006
0.101544
0.101544
0.101544
0.101544
0.0559881
0.101544
0.101544
0.101544
0.101544
0.101544
0.101544
0.0601581
0.101544
0.101544
0.101544
0.101544
0.101544
0.101544
0.101544
0.0118582
0.0039755
0.0152195
0.0597959
0.00121477
0.00461466
0.0163837
0.0180926
3.33067e-16
0.00198007
0.0238021
0.01689
0.0362254
0.0443695
0.00265749
0.101544
0.00438381
0.0158643
0.00968154
0.101544
0.101544
0.101544
0.101544
0.024388
0.101544
0.101544
0.101544
0.101544
0.101544
0.101544
0.101544
0.101544
0.101544
0.101544
0.101544
0.101544
0.101544
0.101544
0.101544
0.00968154
0.0162361
0.101544
0.0156591
0.101544
0.00108549
0.00553825
0.101544
0.0039755
0.0405116
0.101544
0.0073152
9.99201e-16
0.0058764
0.0559826
0.0359885
0.0336281
0.0597959
0.0152195
0.00102996
0.101544
0.101544
0.101544
0.101544
0.101544
0.101544
0.101544
0.101544
0.0300876
0.101544
0.101544
0.101544
0.101544
0.0972716
0.101544
0.101544
0.101544
0.101544
0.101544
0.101544
0.101544
6.3131e-06
0.00968154
0.101544
0.101544
0.0058764
6.3131e-06
0.012549
0.00427214
0.0215524
0.0254392
0.0749094
0.0296661
0.0336281
0.0275279
0.00885314
1.55431e-15
0.00527308
0.0175822
0.0219691
0.101544
0.0106108
0.101544
0.101544
0.101544
0.101544
0.101544
0.101544
0.101544
0.101544
0.0178514
0.0240372
0.101544
0.101544
0.101544
0.101544
0.101544
0.101544
0.101544
0.101544
1.66533e-16
0.0289146
0.0428282
2.22045e-16
0.0410006
0.0336281
0.00276331
0.00564874
0.0139982
0.00920376
0.024005
3.88578e-16
0.00292456
0.00108549
0.0248578
0.101544
0.00553825
0.101544
0.0363852
0.0256575
0.101544
0.101544
0.00553825
0.101544
0.101544
0.101544
0.101544
0.101544
0.101544
0.101544
0.101544
0.101544
0.101544
0.101544
0.101544
0.101544
0.101544
0.105132
0.101544
0.101544
0.0256575
0.00461466
0.101544
0.00968154
0.00359124
0.0289146
0.00300649
1.11022e-16
0.0406131
1.94289e-16
0.0597959
0.0315602
0.101544
0.00885822
0.101544
0.00731524
0.00121477
0.101544
0.000376171
1.22125e-15
0.101544
0.101544
0.101544
0.101544
0.101544
0.101544
0.101544
0.105132
0.101544
0.101544
0.101544
0.101544
0.101544
0.101544
0.0181749
0.105132
0.101544
0.101544
0.101544
0.101544
0.0106852
0.0967461
0.0130279
0.0234191
0.101544
0.00695639
0.0410006
0.00271162
0.101544
0.00968154
0.000313448
0.0094694
0.00915898
0.0127869
0.0216285
0.0115293
0.00265749
0.0230227
0.00968154
0.0597959
0.105132
0.101544
0.101544
0.101544
0.105132
0.101544
0.101544
0.101544
0.101544
0.101544
0.101544
0.105132
0.101544
0.101544
0.101544
0.101544
0.101544
1.66533e-16
0.101544
0.0294104
0.00770174
0.0349062
0.00606719
0.0410006
0.101544
0.101544
0.0626746
3.33067e-16
0.0197582
0.101544
0.00204701
0.101544
0.0282769
0.00698374
0.00256606
0.101544
0.101544
0.00553825
0.00731443
0.0359221
0.101544
0.101544
0.101544
0.101544
0.101544
0.00155315
0.101544
0.101544
0.101544
0.00926052
0.101544
0.105132
0.105132
0.101544
0.101544
0.101544
0.101544
0.101544
0.101544
0.105132
0.00103317
0.0967662
0.00968154
0.0290479
0.0597959
0.00256818
0.0174833
0.101544
0.0410006
0.0102596
2.77556e-17
0.00564921
0.101544
0.0152195
0.101544
0.0634875
0.051069
0.0326064
0.00976352
0.0138735
0.101544
0.101544
0.105132
0.101544
0.101544
0.101544
0.101544
0.101544
0.101544
0.0158643
0.101544
0.101544
0.101544
0.105132
0.101544
0.101544
0.00676096
0.101544
0.101544
0.105132
0.0490504
4.44089e-16
0.105132
0.0147345
0.101544
0.00794278
0.101544
0.0296661
0.0160149
0.00108491
0.0248578
0.0410006
0.101544
0.00300649
0.00282362
0.00461466
0.101544
3.88578e-16
1.38778e-16
0.0248578
0.101544
0.101544
0.105132
0.101544
0.101544
0.101544
0.101544
0.00681338
0.101544
0.101544
0.101544
0.105132
0.101544
0.101544
0.105132
0.101544
0.101544
0.101544
0.105132
0.101544
0.00960955
0.00452197
0.00847344
0.00461466
3.33067e-16
0.0604447
0.0401522
0.00255797
0.0028434
0.0106108
0.00461466
0.0123224
0.0248578
0.101544
0.0197582
0.00700964
0.101544
5.55112e-17
5.55112e-17
0.00265749
0.101544
0.101544
0.101544
0.101544
0.105132
0.105132
0.105132
0.101544
0.101544
0.101544
0.101544
0.101544
0.101544
0.101544
0.105132
0.105132
0.101544
0.101544
0.101544
0.105132
0.0254392
0.0903204
0.0180589
0.00108491
0.00338606
0.0178978
0.0226401
0.0568713
0.0135055
0.0289146
0.0176177
0.0634875
0.00323516
0.00843912
0.0147345
0.0449702
0.0135055
0.000515922
0.0721968
0.0326064
0.105132
0.101544
0.101544
0.101544
0.105132
0.101544
0.101544
0.101544
0.105132
0.101544
0.101544
0.101544
0.101544
0.105132
0.101544
0.101544
0.105132
0.101544
0.105132
0.105132
0.0967461
0.0254392
0.0410006
0.0245591
0.00696044
0.0138324
0.00693484
0.00259931
0.00292456
4.44089e-16
0.00476062
0.00920376
0.00397333
0
0.0197582
0.0282625
0.00505994
0.0359885
0.0175506
0.0559881
0.101544
0.101544
0.105132
0.101544
0.105132
0.101544
0.101544
0.101544
0.101544
0.101544
0.105132
0.101544
0.101544
0.105132
0.105132
0.105132
0.105132
0.101544
0.101544
0.105132
7.77156e-16
1.9984e-15
0.00770174
0.00259931
0.00630474
0.0699387
0.00282344
0.0502818
0.105132
8.32667e-17
2.77556e-16
0.00453632
0.00843912
0.0336281
1.94289e-16
0.00132535
0.101544
0.00799264
0.00423326
0.0152195
0.101544
0.0336281
0.026754
0.105132
0.101544
0.105132
0.105132
0.105132
0.101544
0.101544
0.105132
0.00446078
0.101544
0.105132
0.101544
0.101544
0.105132
0.101544
0.105132
0.101544
0.00968154
0.0326064
0.0597959
0.0150647
0.00978357
0.0216227
0.00265749
0.0326064
9.76739e-06
0.0139547
0.00159617
0.101544
0.0045479
0.0449702
0.0632973
4.25729e-10
0.0597959
5.55112e-16
0.101544
0.00968154
0.105132
0.105132
0.101544
0.101544
0.101544
0.105132
0.105132
0.105132
0.105132
0.101544
0.105132
0.105132
0.101544
0.101544
0.105132
0.101544
0.101544
0.101544
0.101544
0.105132
0.00693484
0.0571277
0.0096883
0.0597959
0.0585193
0.00271162
0.0496032
1.80411e-16
0.00723193
0.00968154
0.0121028
8.32667e-16
0.0585193
0.0368487
0.0441187
0.00553825
0.0175506
0.0215624
0.00420993
0.011481
0.105132
0.105132
0.0203773
0.101544
0.101544
0.105132
0.101544
0.101544
0.105132
0.105132
0.105132
0.101544
0.101544
0.101544
0.105132
0.105132
0.101544
0.105132
0.103403
0.101544
1.11022e-16
0.0101967
0.0256575
0.0175506
0.00960955
0.0836423
0.0474233
0.00693484
0.00957059
0.105132
0.00455384
0.0114036
0.000203597
0.0254392
0.0289146
0.101544
0.084757
0.101544
0.031443
0.00410534
0.101544
0.101544
0.105132
0.101544
0.101544
0.105132
0.101544
0.101544
0.105132
0.105132
0.105132
0.105132
0.101544
0.103403
0.105132
0.101544
0.105132
0.101544
0.105132
0.105132
0.0180926
0.0559881
0.0256575
0.00125446
0.0392696
0.0017449
0.0967662
0.00197097
0.0133621
0.00452093
0.0290479
0.0338492
0.0152195
0.0147345
0.0289146
0.00976352
5.23974e-05
0.00476062
0.0410006
2.77556e-17
0.105132
0.101544
0.105132
0.101544
0.103403
0.105132
0.105132
0.101544
0.105132
0.105132
0.101544
0.105132
0.105132
0.105132
0.105132
0.101544
0.101544
0.105132
0.0346505
0.101544
0.0152195
0.0338492
0.00125446
0.00637556
0.101544
0.00681749
8.88178e-16
0.00833269
0.00285117
3.88578e-16
0.00723193
0.00847344
0.0073514
0.00289378
0.00421054
0.0282769
0.00204701
0.0278573
0.000245046
6.3131e-06
0.101544
0.101544
0.105132
0.101544
0.101544
0.105132
0.105132
0.105132
0.105132
0.101544
0.105132
0.105132
0.101544
0.105132
0.105132
0.101544
6.10623e-16
0.105132
0.105132
0.105132
0.00265749
0.00209677
0.00833269
0.0344073
9.76739e-06
0.0221285
0.0096883
0.00968154
0.0152195
2.22045e-16
0.0152195
9.71445e-17
0.00259931
0.0410006
0.0595228
8.32667e-16
0.00527308
0.00198007
3.33067e-16
0.000580098
0.105132
0.101544
0.102352
0.105132
0.101544
0.105132
0.105132
0.105132
0.0285393
0.105132
0.105132
0.101544
0.105132
0.101544
0.105132
0.105132
0.101544
0.101544
0.105132
0.101544
0.00630474
0.0230958
0.00119993
0.0152195
0.00696043
0.105132
0.0754002
0.00723193
0.0362254
0.105132
0.105132
0.0189091
0.00271161
0.0110032
0.0261379
0.101544
0.101544
0.000366961
0.101544
0.101544
0.101544
0.101544
0.101544
0.105132
0.101544
0.105132
0.105132
0.105132
0.105132
0.105132
0.102352
0.105132
0.105132
0.105132
0.010537
0.0840087
0.0279819
0.101544
0.101544
0.105132
0.0216227
0.0128344
0.000522328
6.21725e-15
0.00476062
0.00394508
0.0147345
0.0152195
0.00731668
0.0559881
6.3131e-06
0.0586559
0.00108491
0.0163426
0.0316476
1.44329e-15
0.000313448
0.0152195
0.00968154
0.00470776
0.101544
0.101544
0.101544
0.0984888
0.105132
0.105132
0.105132
0.102352
0.105132
0.105132
0.105132
0.105132
0.105132
0.105132
0.0101967
0.105132
0.101544
0.105132
0.105132
0.101544
0.0408683
0.0350842
0.0114196
2.77556e-16
1.33227e-15
0.0298559
2.66454e-15
0.00637556
0.00108491
0.0699387
0.0248578
6.3131e-06
0.0147345
0.0175506
1.55431e-15
0.0248578
0.0248578
0.0289146
0.00843912
2.77556e-16
0.105132
0.101544
0.105132
0.105132
0.105132
0.105132
0.105132
0.101544
0.105132
0.102352
0.105132
0.105132
0.0124029
0.101544
0.101544
0.105132
0.101544
0.105132
0.105132
0.0984888
0.0803148
0.0254392
0.00268231
0.0230958
0.0112427
0.0353958
0.0257636
0.0152195
0.0293436
0.00968154
0.0245425
0.105132
0.000522328
0.00696042
0.0256575
0.0770435
0.0597959
0.101544
0.00151121
0.00321036
0.105132
0.105132
0.105132
0.101544
0.105132
0.105132
9.4369e-15
0.102352
0.101544
0.105132
0.0984888
0.101544
0.105132
0.105132
0.105132
0.101544
0.105132
0.105132
0.101544
3.88162e-10
0.0073514
0.018969
0.017809
0.00885314
0.0119302
0.0257726
1.11022e-16
0.00271162
3.33067e-16
0.0147345
0.00630474
0.00306922
0.00723193
0.0152195
0.0257636
0.00843912
0.0189651
7.98472e-13
0.0159408
0.0627017
0.105132
0.105132
0.101544
0.105132
0.102352
0.105132
0.105132
0.105132
0.105132
0.105132
0.101544
0.101544
0.105132
0.00963227
0.105132
0.101544
0.105132
0.105132
0.105132
0.101544
0.00445381
0.0699387
0.105132
0.0633982
0.00843912
0.0474233
1.9984e-15
1.11022e-16
3.33067e-16
0.101544
0.0182506
0.101544
0.016174
1.22125e-15
0.0505013
0.101544
0.101544
0.0443695
0.105132
0.0336281
0.105132
0.105132
0.105132
0.105132
0.101544
0.105132
0.101544
0.105132
0.105132
0.101544
0.101544
0.0956804
0.102352
0.105132
0.105132
0.101544
0.105132
0.105132
0.105132
0.105132
0.105132
0.121065
0.0130279
0.00724214
0.0254392
0.00265749
0.0128344
0.00321036
0.00693484
0.0226401
0.105132
0.00637556
0.00285117
6.3131e-06
0.0549773
6.3131e-06
0.00960916
0.0174085
7.25864e-13
0.0559881
0.105132
0.102352
0.105132
0.101544
0.105132
0.105132
0.105132
0.105132
0.105132
0.105132
0.105132
0.0392467
0.105132
0.102352
0.101544
0.101544
0.105132
0.105132
0.105132
0.011026
5.4417e-05
0.121065
0.0178978
0.00960955
0.0948076
0.0245425
0.00920376
0.00843912
0.0632973
0.0101967
0.0106852
0.023881
0.000496946
0.00606719
0.105132
0.0699387
0.105132
0.0384834
0.00737129
0.0158643
0.105132
0.121065
0.105132
0.105132
0.102352
0.102352
0.105132
0.105132
0.105132
0.105132
0.101544
0.0149968
0.105132
0.105132
0.105132
0.105132
0.105132
0.105132
0.121065
0.105132
0.011546
0.00578646
0.0197788
0.00960955
0.00637556
0.00448343
0.0248578
0.00622333
0.00461466
0.0130279
0.00108491
0.00265749
1.33227e-15
0.000926266
0.02766
0.0474233
0.0289146
0.00487683
1.11022e-16
1.66533e-16
0.105132
0.00985153
0.105132
0.105132
0.0280203
0.105132
0.121065
0.105132
0.105132
0.105132
0.105132
0.105132
0.105132
0.105132
0.121065
0.121065
0.105132
0.105132
0.105132
0.034926
0.0387553
0.0398933
0.0398933
8.88178e-16
0.00265749
1.66533e-16
0.0017449
0.00770174
0.0377719
0.0264612
0.0175506
0.00748961
0.00493001
1.11022e-16
0.00328433
0.00119993
0.0290479
1.77636e-15
0.0137727
0.0358613
0.0474233
0.105132
0.105132
0.105132
0.105132
0.105132
0.105132
0.121065
0.105132
0.034926
0.105132
0.00239129
0.105132
0.121065
3.33067e-16
0.121065
0.105132
0.105132
0.121065
0.105132
0.0649794
0.0210285
0.0197788
0.0260149
2.22045e-16
0.0398933
0.0220953
0.0221285
0.0317418
0.0256575
0.00870651
0.0171674
0.00968831
7.77156e-16
0.0342687
0.121065
0.02766
0.0386344
2.04725e-13
0.0317171
0.105132
0.121065
0.105132
0.121065
0.121065
0.105132
0.105132
0.105132
0.0398933
0.121065
0.105132
0.105132
0.105132
0.0474233
0.105132
0.105132
0.105132
0.00858226
0.105132
0.121065
0.0064057
0.00405648
0.0178978
0
0.0110032
0.000415303
0.0137234
0.0197788
1.11022e-16
0.00526426
0.00557277
0.105132
0.00637556
0.0248578
0.00103317
0.0197788
0.00968154
0.105132
0.0201554
0.0508781
0.0626853
0.105132
0.0649794
0.105132
0.105132
0.105132
0.105132
0.121065
0.105132
0.121065
0.0302651
0.034333
0.121065
0.105132
0.105132
0.121065
0.121065
0.105132
0.105132
0.105132
7.77156e-16
0.0056492
0.00744565
0.0156806
0.00341464
0.0496032
0.00285117
0.00436313
0.00920376
0.0936687
0.00695639
6.10623e-16
0.00637556
0.00761118
0.0128344
0.0967461
4.996e-16
0.00724207
0.00901345
0.00775373
0.0649794
0.105132
0.121065
0.121065
0.105132
0.105132
0.105132
0.105132
0.0106108
0.105132
0.121065
0.105132
0.105132
0.121065
0.105132
0.121065
0.105132
0.105132
0.121065
0.105132
0.0136015
0.0253164
1.22125e-15
0.0115575
0.105132
0.0149621
0.0119302
0.0035877
0.00802596
0.00885314
2.22045e-15
0.121065
0.0254392
1.31613e-10
0.025354
0.0225032
0.0119033
1.77636e-15
0.0119033
0.0410006
0.0967461
0.121065
0.105132
0.105132
0.121065
0.121065
0.105132
0.105132
0.105132
0.105132
0.105132
0.105132
0.121065
0.105132
0.105132
0.121065
0.121065
0.105132
0.121065
0.105132
0.121065
0.0182195
0.0410006
6.3131e-06
0.00222463
0.011575
0.0353889
0.0310145
0.00021597
0.0095499
0.105132
0.0512253
0.0132605
0.000207475
0.00119993
0.0632973
0.105132
0.0115996
0.105132
0.00723193
0.121065
0.00125446
0.105132
0.105132
0.105132
0.0422712
0.105132
0.121065
0.105132
0.121065
0.105132
0.121065
0.105132
0.00959942
0.121065
0.105132
0.121065
0.121065
0.121065
0.105132
0.00652246
0.0224424
0.0422409
1.55431e-15
1.11022e-16
0.0224424
0.00155433
0.0613461
0.00652246
0.00502833
0.0290479
0.0119302
0.00723193
1.10995e-13
0.00476062
0.0096883
0.00271163
0.00125446
0.0216227
0.0559881
0.105132
0.105132
0.121065
0.105132
0.121065
0.121065
0.105132
0.121065
0.121065
0.0273562
0.0155843
0.121065
0.0138324
0.105132
0.121065
0.105132
0.121065
0.105132
0.105132
0.105132
5.55112e-16
0.00360597
0.00781108
0.0202556
0.121065
0
0.0357937
0.0171147
0.00456197
0.00870651
0.0338492
0.000267985
2.33147e-15
0.0035877
0.00328433
0.0317418
0.0398933
0.0125078
0.0613461
1.55431e-15
0.105132
0.105132
0.0559881
6.66134e-16
0.105132
0.105132
0.121065
0.121065
0.105132
0.121065
0.0613461
0.121065
0.00768182
0.121065
0.0019456
0.105132
0.121065
0.105132
0.121065
0.105132
0.0130279
0.0559881
0.00828667
0.0225032
0.00974181
0.0124921
0.00630474
0.0204486
0.0393158
0.0119033
0.0171147
0.00693484
0.0395939
1.55431e-15
0.0254392
0.0256575
0.0119033
0.0251479
0.0217639
0.0148144
0.105132
0.121065
0.105132
0.105132
0.0559881
0.121065
0.121065
0.121065
0.121065
0.0613461
0.105132
0.121065
0.105132
0.105132
0.121065
0.121065
0.0613461
0.105132
0.121065
0.105132
0.000672009
0.0602293
0.0148616
0.0124921
0.0107256
0.011575
0.00481522
6.3131e-06
0.0119302
0.0081282
0.00960955
0.0128344
0.00885314
0.00968154
0.00885314
0.0254392
0.121065
1.11022e-15
0.0223347
0.000403347
0.121065
0.0613461
0.121065
0.105132
0.121065
0.105132
0.121065
0.121065
0.121065
0.0613461
0.105132
0.105132
0.105132
0.121065
0.105132
0.121065
0.105132
0.121065
0.121065
0.105132
0.00753197
0.00833269
0.0148616
0.0249907
0.0119302
0.067219
0.00243001
0.0032928
0.00185801
0.00021597
0.0339913
0.0177929
0.023881
0.0226401
0.00968154
0.0119033
0.0197582
2.22045e-16
0.105132
0.0597959
0.121065
0.00608885
0.121065
0.121065
0.105132
0.105132
0.105132
0.121065
0.121065
0.105132
0.121065
0.105132
0.105132
0.121065
0.121065
0.121065
0.105132
0.121065
0.105132
0.121065
0.00280351
0.05065
0.00423453
0.00154721
0.00423453
5.4417e-05
0.00652246
0.00280351
0.0107256
0.0167825
0.00651593
0.00243001
0.0317418
0.0152195
0.0226401
0.0290479
0.00731858
0.00870651
0.0597959
0.00108491
0.105132
0.121065
0.121065
0.105132
0.121065
0.0582994
0.121065
0.121065
0.105132
0.105132
0.105132
0.121065
0.121065
0.121065
0.121065
0.121065
0.121065
0.105132
0.121065
0.105132
0.121065
0.011546
0.00789983
0.00021597
0.00960955
0.121065
0.00156878
7.77156e-16
0.0251479
0.0418223
1.44329e-15
0.0224424
0.000959267
0.0119033
0.000267985
0.00906623
0.00723193
0.00493001
0.00968831
8.32667e-17
0.105132
0.121065
0.121065
0.105132
0.00733958
0.121065
0.105132
0.121065
0.121065
0.121065
0.121065
0.121065
0.121065
0.105132
0.0418253
0.121065
0.105132
0.105132
0.121065
0.105132
0.0721968
3.64153e-14
0.00675532
0.000790214
0.0177929
6.3131e-06
0.0519392
6.3131e-06
0.0311003
0.0023178
0.0601124
1.94289e-16
0.0275758
0.00473787
0.00696042
0.0230958
0.0290386
0.0474233
0.00421054
3.33067e-16
0.121065
0.121065
0.121065
0.121065
0.121065
0.00487015
0.105132
0.121065
0.121065
0.121065
0.121065
0.121065
0.121065
0.105132
0.105132
0.121065
0.105132
0.121065
0.105132
0.0272732
0.0178978
0.0473465
8.88178e-16
0.00185801
0.0398933
0.0310145
0.00202424
0.00459003
0.000672009
0.121065
0.00544562
3.33067e-16
0.0398933
0.00886297
0.000707274
0.0254392
0.00253933
0.0164128
0.0699387
0.0371273
0.00625697
0.0721968
0.121065
0.121065
0.121065
0.121065
0.121065
0.121065
0.105132
0.121065
0.121065
0.121065
0.105132
0.121065
0.121065
0.121065
0.105132
0.105132
0.121065
0.105132
0.121065
0.0462681
0.0315437
0.0338169
0.0148616
0.0119033
0.0462681
2.33147e-15
0.0162684
0.00280351
0.121065
0.0227338
0.0062207
1.94289e-16
0.00924207
0.0115996
0.105132
7.77156e-16
0.105132
0.023881
0.121065
0.121065
0.121065
0.121065
0.105132
0.121065
0.105132
0.121065
0.00210834
0.121065
0.121065
0.121065
0.121065
0.105132
0.105132
0.121065
0.121065
0.0443117
0.105132
0.121065
0.0231305
0.0195328
0.121065
0.0064057
0.0062207
0.121065
0.00578646
8.88178e-16
0.011546
0.00154722
0.0107256
0.00502833
0.0186457
0.121065
0.00280351
2.22045e-15
0.105132
0.00968154
0.0076112
0.00920376
0.121065
0.121065
0.121065
0.0152229
0.00904146
0.121065
0.105132
0.121065
0.121065
0.121065
0.121065
0.121065
0.121065
0.121065
0.00562621
0.121065
0.121065
0.039601
0.105132
0.105132
0.0339913
0.00833269
0.000959267
0.121065
6.66134e-16
0.067219
0.00257332
8.32667e-17
0.000959267
0.00185801
0.00940898
1.9984e-15
0.0130279
0.0148616
0.00255911
0.121065
0.0119302
0.0115994
0.00938686
6.10623e-16
0.121065
0.121065
0.105132
0.121065
0.121065
0.121065
0.121065
0.121065
0.121065
0.121065
0.105132
0.121065
0.105132
0.121065
0.121065
0.121065
0.121065
0.121065
0.0148616
0.121065
0.0119302
0.0171147
0.0310145
0.00155862
6.3131e-06
0.0398933
0.00185801
0.00544562
0.0613461
0.0202556
0.00280351
6.3131e-06
0.0148616
0.0372976
0.0339913
0.0115575
0.0224424
0
0.0357937
0.00285117
0.121065
0.121065
0.121065
0.121065
0.121065
0.121065
0.121065
0.121065
0.121065
0.121065
0.121065
0.121065
0.121065
0.121065
0.105132
0.121065
0.121065
0.121065
0.00780723
0.121065
0.0398933
0.121065
0.00164651
0.0393596
1.9984e-15
0.0119302
0.0177929
0.00156879
0.0357937
0.0261634
0.0372976
0.00021597
0.000415304
0.0205352
0.00185801
3.33067e-16
0.0613461
2.66454e-15
1.11022e-16
0.0085311
0.121065
0.121065
0.121065
0.121065
0.0385421
0.121065
0.121065
0.121065
0.121065
0.105132
0.121065
0.121065
0.121065
0.121065
0.121065
0.0245419
0.121065
0.121065
0.121065
0.121065
1.11022e-15
0.0357937
0.05065
0.0398933
0.00886297
1.33227e-15
5.4417e-05
0.00960955
1.4448e-09
0.0171147
0.0137234
0.05065
0.00481522
0.00155434
0.00679096
0.00753197
0.0197582
0.0224424
5.4417e-05
0.0248578
0.121065
0.121065
0.121065
0.121065
0.121065
0.121065
0.121065
0.121065
0.121065
0.121065
0.121065
0.121065
0.0148616
0.121065
0.00469786
0.121065
0.105132
0.121065
0.121065
0.121065
0.0720717
0.0119302
0.0119302
0.0197582
0.011546
0.0149621
7.77156e-16
4.44089e-16
0.05065
0.00578646
0.067219
0.00185801
0.0130238
0.0023178
1.1018e-09
0.067219
0.00423453
0.00423453
0.0119302
3.99509e-10
0.121065
0.0065482
0.121065
0.121065
0.121065
0.121065
0.121065
0.05065
0.121065
0.121065
0.121065
0.121065
0.121065
0.121065
0.121065
0.121065
0.105132
0.121065
0.121065
0.121065
0.00526426
0.000415304
0.0119302
8.88178e-16
0.0334483
1.66533e-16
0.00185801
0.000959267
0.0048082
0.0161108
0.0398933
0.121065
0.0311003
0.121065
0.0251479
0.0551965
0.0150647
0.0432402
0.0133621
9.4369e-16
0.121065
0.105132
0.121065
0.0720717
0.121065
0.121065
0.121065
0.121065
0.121065
0.121065
0.121065
0.00773382
0.121065
0.121065
0.121065
0.121065
0.121065
0.121065
0.121065
0.121065
0.022624
0.0150435
0.0178978
3.88578e-16
0.00753197
0.0339913
0.0171147
0.0115996
0.00125446
0.0107256
5.4417e-05
0.01988
1.38778e-16
0.0119302
0.0064057
0.0171147
0.0613461
0.00185801
0.0357937
0.00154722
0.121065
0.0360948
0.121065
0.121065
0.121065
0.0249907
0.121065
0.121065
0.121065
0.121065
0.121065
0.121065
0.121065
0.121065
0.121065
0.121065
0.121065
0.121065
0.121065
0.121065
0.00108491
0.118504
0.0064057
0.121065
6.10623e-16
0.0398933
0.0988492
0.00280351
0.0119771
0.000672009
5.4417e-05
0.01671
0.0124921
0.121065
0.0150647
0.011546
0.0496032
0.00578646
0.00658116
0.0130701
0.121065
0.121065
0.121065
0.121065
0.121065
0.121065
0.0613461
0.121065
0.121065
0.121065
0.121065
0.121065
0.121065
0.121065
0.121065
0.121065
0.121065
0.121065
0.121065
0.121065
0.0357937
0.011746
0.00156876
0.0344073
0.067219
0.000790214
0.0171147
0.121065
0.000672009
0.00423453
0.121065
0.121065
1.94289e-16
0.00423453
0.00942389
0.0224911
0.0023178
0.0140292
0.00423453
0.121065
0.121065
0.121065
0.121065
0.121065
0.121065
0.121065
0.121065
0.121065
0.121065
0.121065
0.121065
0.121065
0.121065
0.00181661
0.121065
0.121065
0.121065
0.00991512
0.121065
0.121065
0.00185801
6.3131e-06
0.0227338
0.05065
0.00651593
0.0202556
0.0418223
0.0126938
0.0128439
0.0115575
0.0462681
0.000959267
0.000790214
0.00108491
0.0119302
0.0149621
0.00280351
0.0462681
6.3131e-06
0.0275758
0.0224424
0.0745997
0.121065
0.121065
0.121065
0.121065
0.121065
0.121065
0.121065
0.121065
0.121065
0.121065
0.0086386
0.121065
0.121065
0.121065
0.0342908
0.121065
0.121065
0.121065
0.0119302
0.0441475
0.00481522
0.121065
0.00280351
0.05065
0.121065
0.0149621
0.121065
0.0149621
0.121065
0.0156806
5.4417e-05
0.000959267
0.00833269
0.0188494
0.05065
0.00133705
5.55112e-17
0.00113677
0.0462681
0.121065
0.121065
0.121065
0.00421052
0.121065
0.121065
0.0418223
0.121065
0.121065
0.121065
0.05065
0.121065
0.121065
0.0206769
0.121065
0.121065
0.0122729
0.121065
0.121065
0.0102264
1.11022e-16
0.121065
0.00502833
2.77556e-17
0.0119302
0.0261634
0.121065
0.0551965
0.0122282
5.4417e-05
0.0432402
0
0.00185801
0.00021597
0.011546
0.00281605
0.00652246
0.067219
8.63641e-05
0.05065
0.121065
0.121065
0.121065
0.121065
0.121065
0.121065
0.121065
0.121065
0.121065
0.0148616
0.121065
0.121065
0.121065
0.121065
0.121065
0.121065
0.121065
0.121065
0.121065
0.0122282
0.0338169
0.0155978
0.0197582
0.00185801
1.11022e-16
0.0102264
8.88178e-16
0.0148616
0.00280351
0.00202424
0.0224424
0.0148616
0.0062207
0.00155437
2.80859e-10
0.00021597
0.0339913
0.067219
0.0119302
0.121065
0.121065
0.121065
0.121065
0.121065
0.121065
0.121065
0.121065
0.121065
0.121065
0.121065
0.00728657
0.121065
0.121065
0.00436792
0.121065
0.121065
0.121065
0.121065
0.121065
8.88178e-16
0.0253164
6.3131e-06
0.0551965
0.0150647
0.02766
0.0432402
0.0156806
0.00652246
0.0496032
1.11022e-16
0.000959267
0.00833269
3.33067e-16
0.00186333
0.0116157
0.0102264
0.00502833
0.0613461
0.0190405
0.121065
0.121065
0.121065
0.121065
0.121065
0.121065
0.121065
0.121065
0.121065
0.121065
0.121065
0.121065
0.121065
0.121065
0.121065
0.121065
0.067219
0.121065
0.121065
0.121065
0.05065
0.0197582
0.0149621
0.00978357
0.00544562
0.00224676
0.00481522
0.121065
0.00684659
0.011575
0.0310145
0.05065
5.4417e-05
0.121065
1.1112e-09
0.011575
0.0551965
0.0447102
0.0248578
0.121065
0.121065
0.121065
0.121065
0.121065
0.121065
0.121065
0.121065
0.121065
0.121065
0.121065
0.121065
0.121065
0.121065
0.121065
0.121065
0.121065
0.121065
0.121065
0.121065
0.121065
0.00630474
0.00502833
0.0310145
0.00652246
0.121065
0.0441475
0.05065
0.00544562
0.0205352
0.00481522
0.00821382
8.88178e-16
0.00781108
0.00152938
0.121065
0.0227338
0.0462681
0.040416
0.00185801
0.0111248
0.121065
0.121065
0.121065
0.121065
0.121065
0.121065
0.121065
0.121065
0.121065
0.121065
0.121065
0.121065
0.121065
0.121065
0.121065
0.121065
0.121065
0.121065
0.121065
0.121065
0.0062207
0.0130279
0.00280351
0.0720717
0.0124921
0.0261634
0.000959267
3.33067e-16
0.00185801
0.0119302
0.0418223
0.0115575
0.00833269
0.00828667
0.00828667
0.0119302
0.000672009
0.000959267
0.0119302
0.00185801
0.121065
0.121065
0.121065
0.121065
0.121065
0.121065
0.121065
0.011546
0.121065
0.121065
0.121065
0.121065
0.121065
0.121065
0.00662157
0.121065
0.121065
0.121065
0.121065
0.121065
0.000959267
0.121065
0.011575
0.00630474
0.00578646
6.3131e-06
0.0148616
0.0224126
0.121065
0.00423453
1.66533e-16
0.0023178
0.0178978
0.0344073
0.011546
0.0338169
0.00833269
0.00684659
0.00423453
3.9968e-14
0.121065
0.121065
0.121065
0.0720717
0.121065
0.121065
0.121065
0.00901576
0.121065
0.121065
0.121065
0.121065
0.121065
0.121065
0.121065
0.121065
0.121065
0.121065
0.121065
0.121065
0.00243001
0.121065
0.0145989
0.00526426
0.0122282
6.66134e-16
0.00526426
0.00185801
0.0023178
0.00021597
0.0720717
0.0161108
1.77636e-15
0.0344073
0.0023178
0.00021597
0.0261634
0.121065
0.0119302
0.0161108
0.121065
0.121065
0.121065
0.121065
0.121065
0.121065
0.121065
0.121065
0.121065
0.121065
0.121065
0.121065
0.121065
0.121065
0.121065
0.121065
0.121065
0.121065
0.121065
0.121065
1.11022e-15
0.0116157
0.00156878
0.0251479
0.00467947
0.0194947
0.017711
0.02766
0.0155978
0.0224424
0.121065
0.0372976
1.11022e-16
0.0145904
0.0253164
1.33227e-15
1.11022e-16
0.0398933
0.121065
0.02766
8.88178e-16
0.121065
0.121065
0.121065
0.121065
0.121065
0.121065
0.121065
0.121065
0.121065
0.121065
0.121065
0.121065
0.121065
0.121065
0.121065
0.121065
0.121065
0.121065
0.121065
1.33227e-15
0.0223319
0.121065
0.0311003
0.00630474
0.0119771
1.16573e-15
0.121065
0.0062207
0.0111248
0.00280351
0.0387553
0.00578646
2.92322e-13
0.0210285
8.88178e-16
0.00781108
0.00108491
0.0108487
0.0372886
0.121065
0.121065
0.121065
0.121065
0.00162755
0.121065
0.121065
0.121065
0.121065
0.121065
0.121065
0.121065
0.121065
0.121065
0.121065
0.0228985
0.121065
0.0536932
0.121065
0.121065
0.00833269
0.0124921
1.55431e-15
0.011546
0.0210285
0.0102264
0.0398933
0.000959267
0.0372976
0.000672009
0.0177929
0.121065
0.0357937
0.00978357
3.33067e-16
0.00021597
0.0178978
0.00578646
0.011575
0.121065
0.121065
0.121065
0.121065
0.121065
0.121065
0.121065
0.121065
0.121065
0.121065
0.121065
0.121065
0.121065
0.121065
0.121065
0.121065
0.121065
0.121065
0.121065
0.121065
0.121065
0.0253164
0.00651593
0.00156878
0.0116157
0.00942389
0.0224424
5.4417e-05
0.0122282
0.0194947
0.0372886
0.0064057
0.00154722
0.02766
0.000672009
0.02766
0.00021597
0.0107256
0.00467947
0.00280351
0.0108487
0.121065
0.121065
0.121065
0.121065
0.121065
0.121065
0.121065
0.121065
0.038687
0.121065
0.121065
0.121065
0.121065
0.121065
0.121065
0.121065
0.121065
0.121065
0.121065
0.121065
0.0161108
0.0140292
0.0551965
0.121065
0.0432402
0.121065
0.0721968
0.0150647
0.121065
0.121065
0.121065
0.121065
0.00526426
1.11022e-16
0.121065
0.0519392
0.00833269
0.121065
0.00156877
0.000959267
0.121065
0.121065
0.121065
0.121065
0.121065
0.121065
0.121065
0.0112894
0.121065
0.121065
0.121065
0.121065
0.121065
0.121065
0.121065
0.121065
0.121065
0.121065
0.121065
0.121065
0.0290386
0.0720717
0.0140292
0.00828667
0.121065
0.00781108
0.00155438
0.121065
0.05065
0.121065
0.00942389
0.00232186
0.0202556
0.0224424
0.00155438
0.121065
0.00155434
0.000672009
0.0111248
0.00753197
0.121065
0.121065
0.121065
0.0107555
0.121065
0.121065
0.121065
0.121065
0.121065
0.121065
0.121065
0.121065
0.121065
0.121065
0.121065
0.121065
0.121065
0.0158243
0.121065
0.121065
0.0253164
0.00185801
0.121065
0.00960955
0.0310145
2.33147e-15
0.121065
0.00132693
1.11022e-16
0.00309616
0.0418223
0.0107256
0.0119302
0.121065
0.00222463
0.0178978
0.00578646
0.00154722
0.011546
0.0116157
0.121065
0.121065
0.121065
0.121065
0.121065
0.121065
0.121065
0.121065
0.121065
0.121065
0.121065
0.121065
0.121065
0.121065
0.121065
0.121065
0.121065
0.121065
0.121065
0.121065
0.0171147
0.0064057
0.00021597
0.0204486
0.0344073
0.011575
0.0119302
0.00108491
0.00125446
0.0119771
0.0023178
0.0597741
0.00978357
0.00155863
0.0338169
0.0122282
5.4417e-05
0.00185801
0.0220976
0.0357937
0.121065
0.121065
0.121065
0.121065
0.121065
0.121065
0.0936855
0.121065
0.121065
0.121065
0.121065
0.121065
0.121065
0.00667436
0.0148616
0.121065
0.121065
0.121065
0.121065
0.121065
0.00280351
0.000672009
0.00828667
0.00630474
0.0290386
5.4417e-05
0.0202556
0.0202556
0.0124921
0.000790214
0.0205352
0.0062207
0.0107256
0.00154722
0.0115575
0.00481522
0.0597741
0.0130279
0.0374851
0.121065
0.121065
0.121065
0.121065
0.121065
0.121065
0.121065
0.121065
0.121065
0.00204284
0.00418892
0.121065
0.121065
0.121065
0.121065
0.121065
0.121065
0.121065
0.121065
0.121065
0.0597741
6.3131e-06
0.0197582
0.0788899
0.0224424
0.00152938
0.0372976
0.0398933
0.0372886
0.0119302
0.00185801
0.00156878
6.3131e-06
0.121065
0.0432402
4.12062e-10
0.0110448
3.33067e-16
0.0094414
0.00349512
0.0102264
0.121065
0.121065
0.121065
0.00125446
0.121065
0.121065
0.121065
0.0226275
0.121065
0.121065
0.121065
0.121065
0.121065
0.121065
0.121065
0.121065
0.0180783
0.0597741
0.121065
0.121065
0.00224676
0.0597741
0.0230737
0.0197582
3.47537e-10
0.0275758
0.0119302
0.05065
0.121065
0.00156876
6.35299e-10
0.121065
0.0714843
0.0224424
0.0197582
0.00185801
0.0149621
0.0224424
9.99201e-16
0.121065
0.121065
0.121065
0.121065
0.121065
0.0788899
0.121065
0.121065
0.00282981
0.121065
0.121065
0.121065
0.00878615
0.0597741
0.121065
0.121065
0.121065
0.121065
0.121065
0.121065
0.121065
0.00185801
0.00502833
0
0.00280351
0.0441475
0.0310145
0.000790214
0.0197582
3.33067e-16
4.996e-16
2.45857e-09
0.00544562
0.0387553
0.00651593
0.0119302
6.3131e-06
0.00652246
0.0311003
6.3131e-06
0.0275758
0.121065
0.121065
0.121065
0.121065
0.121065
0.121065
0.121065
0.121065
0.121065
0.121065
0.121065
0.0409552
0.121065
0.121065
0.121065
0.121065
0.121065
0.121065
0.121065
0.121065
0
0.0310145
0.000790214
6.3131e-06
0.0275758
6.3131e-06
6.3131e-06
6.66134e-16
0.067219
0.00222463
0.0432402
0.0155978
0.0551965
0.067219
0.00738598
0.121065
0.121065
6.3131e-06
2.77556e-17
0.00202424
0.121065
0.121065
0.121065
0.121065
0.121065
5.3894e-06
0.121065
0.121065
0.121065
0.00784683
0.121065
0.121065
0.121065
0.121065
0.121065
0.121065
0.121065
0.121065
0.121065
5.55112e-16
0.0305527
0.0613461
0.0338169
0.0148616
0.0261634
0.121065
1.88738e-15
0
2.22045e-16
0.121065
0.0613461
0.0148616
0.011575
0.0310145
0.00942389
0.121065
0.121065
0.000672009
0.00481522
0.00222463
0.121065
0.121065
0.121065
0.121065
0
0.121065
0.121065
0.121065
0.121065
0.121065
0.121065
0.121065
0.00374639
0.121065
0.0277428
0.121065
0.0064057
0.121065
0.121065
0.121065
0.0275758
0.0147546
0.00185801
0.01671
0.0344073
0.0130279
0.00185801
0.000790214
0.00828667
6.3131e-06
0.000959267
0.121065
0.012309
0.0119302
0.0418223
6.3131e-06
0.0119302
0.0023178
0.121065
0.0496032
0.121065
0.121065
0.121065
0.121065
0.121065
0.121065
0.121065
0.121065
0.121065
0.121065
0.121065
0.121065
0.121065
0.121065
0.121065
0.121065
0.121065
0.121065
0.121065
0.121065
0.011575
0.0103883
0.0197582
0.00684659
0.033259
0.121065
0.121065
0.0115996
0.00652246
0.121065
0.00155863
0.0023178
0.000959267
0.0220976
2.22045e-16
0.0344073
1.78308e-09
0.0418223
0.0171147
0.0613461
0.121065
0.121065
0.121065
0.121065
0.121065
0.121065
0.121065
0.121065
0.121065
0.121065
0.121065
0.121065
0.121065
0.121065
0.121065
0.121065
0.121065
0.121065
0.121065
0.121065
0.00021597
0.0155978
0.00684659
0.0119302
0.00185801
0.0102264
0.011575
0.00155433
0.00202424
0.00185801
0.00467947
0.0119302
2.22045e-16
0.0220976
0.05065
0.121065
0.0194947
0.00152938
0.0177929
0.121065
0.121065
0.121065
0.121065
0.121065
0.121065
0.121065
0.121065
0.121065
0.121065
0.121065
0.121065
0.121065
0.121065
0.121065
0.121065
0.121065
0.121065
0.121065
0.121065
0.121065
0.0720717
0.0148616
0.0551965
0.0338169
0.00154722
0.00544562
0.0310145
0.0140292
0.0248578
0.0107256
0.00222463
0.0432402
0.00155862
0.00753197
0.05065
0.00547245
0.00224676
0.00155438
0.0220976
0.0310145
0.121065
0.121065
0.121065
0.121065
0.121065
0.121065
0.121065
0.121065
0.121065
0.121065
0.121065
0.121065
0.121065
0.121065
0.121065
0.121065
0.121065
0.121065
0.121065
0.121065
0.0324273
0.0224424
0.0597741
0.0249907
0.00222463
0.00155865
0.00481522
0.0140292
0.0202556
1.11022e-16
0.0102264
0.0204486
0.0178978
9.71445e-17
0.0290386
0.00778311
0.0310145
5.4417e-05
0.00155863
5.4417e-05
0.121065
0.121065
0.121065
0.121065
0.121065
0.121065
0.121065
0.121065
0.121065
0.00481522
0.121065
0.121065
0.121065
0.121065
0.121065
0.121065
0.121065
0.121065
0.121065
0.121065
0.011575
0.0251479
0.00684659
0.0102264
0.0130279
0.00280351
5.55112e-17
0.00684659
0.011575
0.00828667
0.0251479
0.011575
0.00651593
4.44089e-16
1.88738e-15
0.00684659
0.00222463
0.0310145
2.77556e-16
2.22045e-15
0.121065
0.0148616
0.121065
0.121065
0.00833269
0.121065
0.00833269
0.121065
0.121065
0.121065
0.121065
0.121065
0.121065
0.121065
0.121065
0.0111176
0.121065
0.121065
0.121065
0.121065
0.00018512
0.0372976
0
0.0398933
0.00108491
0.0119771
0.011546
4.44089e-16
0.00578646
0.0239841
0.0115575
7.73825e-14
0.067219
0.0441475
0.00280351
0.0311003
6.66134e-16
5.4417e-05
0.0240271
0.00684659
0.121065
0.121065
0.121065
0.121065
0.0121691
0.0310145
0.121065
0.0149621
0.121065
0.121065
0.121065
0.121065
0.0101524
0.121065
0.121065
0.0251479
0.121065
0.121065
0.121065
0.121065
0.0111718
0.000959267
0.0116157
0.00280351
0.0115575
0.00651593
0.0720717
0.0107256
0.0111248
0.0156806
0.0177929
0.00828667
0.0418223
0.0202556
0.0253164
0.00021597
0.00929146
0.00675202
0.000672009
0.00948707
0.067219
0.0398933
0.121065
0.121065
0.0441475
0.121065
0.121065
0.004438
0.121065
0.121065
0.121065
0.121065
0.121065
0.0372976
0.121065
0.121065
0.121065
0.121065
0.121065
0.121065
5.44003e-10
0.00566956
0.0197582
0.00021597
0.00942389
0.0177929
0.0107501
1.11022e-16
0.0597741
1.11022e-16
0.00125446
0.121065
0.0322464
0.000672009
0.0441475
0.0099368
0.011575
0.0509999
0.121065
0.0023178
0.121065
0.121065
0.121065
0.121065
0.121065
0.121065
0.121065
0.121065
0.067219
0.0148616
0.121065
0.0441475
0.0720717
0.121065
0.121065
0.121065
0.121065
0.121065
0.121065
0.0418223
0.0023178
6.3131e-06
0.00202424
1.91628e-05
0.00423453
0.00378188
0.00506133
0.00978357
0.011575
0.0107256
3.33067e-16
0.00154722
0.00781108
0.0116157
0.0253164
2.22045e-15
0.00423453
0.0155978
8.88178e-16
0.0207088
0.121065
0.067219
0.121065
0.121065
0.121065
0.121065
0.121065
0.121065
0.121065
0.121065
0.121065
0.121065
0.121065
0.121065
0.121065
0.121065
0.121065
0.0720717
0.121065
0.121065
0.0195328
0.00202424
2.44187e-09
0.0171147
0.00155438
0.0155978
0.0115996
0.00423453
0.0163977
0.0171147
0.00115285
0.0178978
3.33067e-16
0.0115996
1.38778e-16
0.00423453
0.0486804
0.0102264
0.0220976
0.00526426
0.121065
0.121065
0.121065
0.121065
0.121065
0.121065
0.0350542
0.121065
0.121065
0.121065
0.121065
0.121065
0.121065
0.0720717
0.121065
0.121065
0.0149621
0.121065
0.121065
0.121065
0.00155436
0.00021597
0.00833269
5.98734e-10
0.0261634
0.014977
0.121065
0.0202556
0.0398933
0.121065
0.121065
0.0197582
0.121065
0.0372976
0.0224424
0.0115575
0.121065
1.11022e-16
0.00933161
0.0486804
0.121065
0.121065
0.121065
0.121065
0.121065
0.121065
0.121065
0.0720717
0.121065
0.121065
0.121065
0.121065
0.121065
0.121065
0.121065
0.121065
0.0486804
0.034188
0.121065
0.121065
0.121065
0.00125446
0.0437759
0.00243001
0.0177929
0.0145989
0.0115575
0.000153219
0.0119302
0.00021597
0.05065
0.0161108
0.00152938
0.0202556
0.00526426
0.00242431
0.00833269
0.00185801
0.0210285
0.0319549
0.121065
0.121065
0.121065
0.121065
0.121065
0.121065
0.121065
0.121065
0.121065
0.121065
0.121065
0.121065
0.121065
0.121065
0.121065
0.121065
0.00992489
0.121065
0.121065
0.121065
2.22045e-16
0.121065
0.0197582
0.0441475
0.0227338
0.0171147
1.66533e-16
0.121065
0.0150647
0.00152938
0.00109852
0.00578646
0.0115996
0.0462681
0.011546
3.33067e-16
0.011546
6.3131e-06
0.05065
8.78923e-10
0.121065
0.121065
0.121065
0.121065
0.121065
0.00308653
0.121065
0.121065
0.121065
0.121065
0.121065
0.121065
0.121065
0.121065
0.121065
0.0305222
0.121065
0.121065
0.121065
0.121065
0.0261634
0.00578646
0.00684659
0.0310145
0.0344073
0.011575
0.0357937
0.00960955
4.44089e-16
0.0023178
0.011546
0.0205352
0.00222463
0.0119302
0.00156878
0.00578646
1.22125e-15
0.0140292
0.00185801
0.011546
0.121065
0.121065
0.121065
0.121065
0.121065
0.121065
0.121065
0.121065
0.121065
0.121065
0.121065
0.121065
0.121065
0.121065
0.121065
0.121065
0.121065
0.121065
0.121065
0.121065
0.0171147
0.00185801
0.121065
0.000672009
0.0551965
0.0115996
0.0177929
0.00942389
0.0171147
0.0432402
0.121065
0.00021597
0.0115996
0.000672009
0.0253164
0.121065
0.0116157
0.0124921
0.121065
0.0119302
0.121065
0.121065
0.121065
0.121065
0.121065
0.121065
0.121065
0.121065
0.121065
0.121065
3.88578e-16
0.121065
0.121065
0.121065
0.121065
0.121065
0.121065
0.121065
0.121065
0.0214346
0.0372976
0.0357937
0.0339913
0.0311003
0.00154722
0.0171147
0.011546
0.0156806
0.0107256
1.66533e-16
0.0398933
0.0372976
0.0496032
0.00578646
0.0204486
0.0398933
0.0148616
0.0597741
0.0171147
0.0357937
0.121065
0.121065
0.121065
0.0116708
0.121065
0.121065
0.121065
0.121065
0.121065
0.121065
0.121065
0.121065
0.121065
0.121065
0.121065
0.121065
0.0988492
0.121065
0.121065
0.121065
0.00286588
0.0398933
0.0124921
0.00155862
0.121065
0.0310145
0.0205352
0.000672009
6.3131e-06
0.121065
1.9984e-15
0.0334483
0.0224424
6.3131e-06
1.11022e-16
0.0988492
0.00222463
0.0102264
0.00630474
0.121065
0.121065
0.121065
0.121065
0.121065
0.121065
0.121065
0.121065
0.121065
0.121065
0.121065
0.121065
0.121065
0.121065
0.0988492
0.121065
0.121065
0.121065
0.121065
0.121065
0.121065
2.22045e-15
0.0064057
0.00185801
0.000415303
0.0202556
1.66533e-16
1.33227e-15
0.0119302
0.00185801
0.0122604
0.0119302
0.00185801
0.00472962
6.3131e-06
0.0119302
5.4417e-05
6.3131e-06
0.0290386
0
5.55112e-17
0.121065
0.121065
0.121065
0.121065
0.121065
0.121065
0.121065
0.121065
0.121065
0.121065
0.121065
0.0114462
0.121065
0.121065
0.0222678
0.121065
0.121065
0.121065
0.00594139
0.121065
0.121065
4.44089e-16
0.0398933
0.0334483
0.011546
0.00630474
0.0251479
6.3131e-06
0.00578646
6.3131e-06
0.00222463
0.0148616
0.0227338
0.121065
0.121065
0.0338169
0.121065
0.0310145
0.0150647
0.0130397
0.121065
0.121065
0.121065
0.121065
0.121065
0.121065
0.121065
0.121065
0.000652186
0.121065
0.121065
0.0290386
0.0152217
0.121065
0.121065
0.121065
0.121065
0.121065
0.121065
0.121065
0.0064057
0.0171147
0.00942389
0.00960955
7.21645e-16
0.0372976
0.0248578
0
0.0209029
0.0462681
0.0227338
5.4417e-05
0.0115996
0.0091125
1.15927e-10
0.00224676
1.77636e-15
0.0102264
0.0311003
0.000672009
0.121065
0.121065
0.121065
0.121065
0.121065
0.121065
0.121065
0.121065
0.121065
0.121065
0.121065
0.121065
0.121065
0.121065
0.121065
0.121065
0.121065
0.0399776
0.121065
0.121065
0.011575
1.9984e-15
0.00021597
0.022624
0.0227338
0.0194947
0.0338169
0.0177929
0.00978357
8.19345e-14
0.0150435
0.0387553
0.0119159
0.0101432
0.0202556
0.0290386
0.017711
0.000790214
0.00125446
0.00467947
0.121065
0.0040124
0.121065
0.0107203
0.121065
0.121065
0.121065
0.0177929
0.121065
1.11022e-16
0.121065
0.121065
0.121065
0.121065
0.121065
0.121065
0.121065
0.0181389
0.121065
0.121065
0.00152938
7.77156e-16
1.66533e-16
0.0324273
0.121065
0.0227338
0.0249907
0.0122282
0.00684659
0.121065
0.0462681
0.0249907
0.00021597
0.011575
0.0324273
0.0150647
0.00152198
0
0.0696977
7.08585e-05
0.121065
0.121065
0.121065
0.121065
0.121065
0.0570309
0.0290386
0.121065
0.0387553
0.121065
0.121065
0.121065
0.121065
0.121065
0.121065
0.121065
0.121065
0.121065
0.0339913
0.0227338
0.00321071
0.0253164
0.0171147
0.00526426
0.0161108
0.00231021
0.0122282
0.0108487
0.0119771
0.00942389
0.0253164
0.0115996
0.0234604
5.10703e-15
0.00154722
0.00021597
0.0116157
0.0107256
0.0284278
0.0119302
0.121065
0.121065
0.00597619
0.121065
0.121065
0.121065
0.121065
0.121065
0.121065
0.121065
0.0696977
0.121065
0.0180783
0.0373458
0.121065
0.0570309
0.121065
0.121065
0.121065
0.121065
0.00544562
0.121065
0.0290386
0.0102464
0.0115575
0.121065
0.0161108
0.0202556
0.121065
0.000959267
8.88178e-16
0.0310145
0.00154722
0.00526426
0.0107256
0.0418223
0.05065
0.0146093
0.0238975
5.55112e-17
0.0570309
0.0373458
0.0696977
0.121065
0.00591009
0.121065
0.121065
0.121065
0.0284278
0.121065
0.121065
0.121065
0.121065
0.121065
0.121065
0.121065
0.121065
0.0183047
0.121065
0.121065
0.000672009
0.00243001
0.0334483
3.33067e-16
0.01671
0.0335009
0.0145989
0.0496032
3.33067e-16
0.0102264
0.0462681
0.0546676
0.0613461
0.0202556
0.0124921
0.0227338
0.05065
0.0115575
0.05065
0.0230773
0.121065
0.121065
0.121065
0.121065
0.121065
0.121065
0.121065
0.121065
0.121065
0.121065
0.121065
0.121065
0.121065
0.121065
0.0696977
0.121065
0.121065
0.121065
0.0570309
0.121065
0.000959267
0.0290386
0.00833269
0.00960955
0.121065
0.00526426
0
0.0202556
0.00651593
0.0524013
0.0118681
0.0344073
0.0119771
0.00283156
0.00189621
0.0161108
0.00280351
0.0023178
0.00526426
6.66134e-16
0.121065
4.44089e-16
0.121065
0.0696977
0.121065
0.121065
0.121065
0.121065
0.121065
0.121065
0.121065
0.121065
0.121065
0.00195556
0.121065
0.121065
0.121065
0.121065
0.121065
0.121065
0.00185801
0.00978357
0.00423453
0.00125446
0.011575
0.0316592
0.00978357
6.3131e-06
4.44089e-16
0.0251479
6.3131e-06
0.0339913
0.0119302
0.0119302
0.0119302
0.011575
0.00185801
0.00423453
0.00185801
1.11022e-16
0.121065
0.121065
0.121065
0.121065
0.121065
0.121065
0.121065
0.121065
0.121065
0.121065
0.121065
0.121065
0.121065
0.121065
0.121065
0.121065
0.121065
0.121065
0.121065
0.0696977
0.0248578
0.0023178
0.0155978
0.00202424
0.00154722
0.000736754
1.77913e-14
0.00828667
0.0720717
0.0115996
0.01671
0.00224676
0.0387553
0.0368113
0.0171147
0.0124921
0.000672009
0.0721968
0.0107256
0.000899843
0.121065
0.121065
0.0519548
0.121065
0.121065
0.121065
0.121065
0.121065
0.121065
0.121065
0.121065
0.121065
0.121065
0.121065
0.121065
0.121065
0.121065
0.121065
0.121065
0.121065
0.0116157
0.0338169
0.00526426
0.0161108
0.0310145
0.0150435
0.022624
0.00243001
0.0202556
0.0145989
0.00125446
0.0253164
0.00185801
0.0372976
0.0290386
0.0398933
0.0122282
0.0119302
0.00544562
0.00021597
0.121065
0.121065
0.121065
0.02382
0.121065
0.121065
0.121065
0.121065
0.121065
0.121065
0.121065
0.0930906
0.121065
0.121065
0.121065
0.121065
0.121065
0.121065
0.121065
0.121065
3.33067e-16
0.00526426
5.4417e-05
0.0248578
0.0290386
0.02766
0.0220976
0.0496032
6.3131e-06
0.00464368
0.00481522
0.02766
0.00155862
0.00978357
0.01671
0.0161108
0.0202556
0.0613461
6.3131e-06
0.00224676
0.121065
0.121065
0.121065
0.121065
0.121065
0.121065
0.121065
0.121065
0.0930906
0.121065
0.121065
0.121065
0.121065
0.121065
0.121065
0.121065
0.121065
0.121065
0.121065
0.121065
0.00581596
0.121065
0.05065
0.00154722
0.121065
0.0613461
0.0107256
0.00544562
0.00942389
5.55112e-17
0.000672009
0.0202556
0.0115575
0.0310145
0.121065
0.00152938
0.00544562
0.121065
0.0108487
0.0372886
0.121065
0.121065
0.121065
0.121065
0.121065
0.121065
0.121065
0.121065
0.121065
0.121065
0.121065
0.121065
0.121065
0.121065
0.068032
0.121065
0.121065
0.121065
0.121065
0.121065
9.4369e-16
4.44089e-16
0.00526426
0.118504
0.0161108
6.3131e-06
0.0988492
0.0310145
0.0224424
0.00152938
0.05065
0.00155435
0.0251479
0.05065
0.00544562
0.00753197
0.0720717
0.00828667
6.3131e-06
1.11022e-15
0.121065
0.121065
0.121065
0.121065
0.121065
0.121065
0.121065
0.121065
0.00566512
0.121065
0.121065
0.121065
0.121065
0.121065
0.121065
0.121065
0.121065
0.0148144
0.121065
0.121065
0.0180917
0.121065
0.00021597
0.0462681
0.0177929
0.0462681
0.121065
1.30027e-10
0.0357937
0.0197582
0.0205352
0.0148616
0.00196317
0.121065
0.121065
0.0227338
0.0227338
0.0155182
0.121065
0.118504
0.121065
0.121065
0.121065
0.121065
0.121065
0.121065
0.121065
0.121065
0.0296079
0.118504
0.121065
0.121065
0.121065
0.0348084
0.121065
0.121065
0.121065
0.121065
0.011103
0.121065
0.121065
0.00481522
0.0178978
0.000790214
0.0720717
6.66134e-16
0.121065
0.017711
5.4417e-05
0.0275758
0.00116647
0.00942389
0.121065
0.121065
0.121065
0.0023178
0.0205352
0.000672009
0.121065
0.00630474
0.121065
0.121065
0.121065
0.121065
0.121065
0.121065
0.121065
0.121065
0.121065
0.121065
0.121065
0.121065
0.0161939
0.121065
0.121065
0.121065
0.121065
0.121065
0.121065
0.121065
0.0145989
0.0261634
0.0107256
0.00154722
0.000415303
0.0398933
6.66134e-16
0.00243001
0.00477915
1.22125e-15
0.00886297
0.0372886
0.0148616
0.0108487
0.0251479
0.0432402
0.0149621
0.0551965
8.32667e-16
0.05065
0.121065
0.121065
0.00852085
0.121065
0.121065
0.121065
0.101536
0.121065
0.121065
0.121065
0.121065
0.121065
0.121065
0.121065
0.121065
0.121065
0.121065
0.121065
0.121065
0.121065
0.0119302
0.0496032
0.0249907
0.000790214
0.0195328
6.3131e-06
6.3131e-06
0.011575
0.0324273
1.66533e-16
0.00185801
0.0311003
0.01671
0.0144299
0.00978357
0.00021597
0.0163977
0.0148268
0.0177929
0.00825049
0.121065
0.101536
0.121065
0.121065
0.121065
0.121065
0.0145752
0.121065
0.121065
0.121065
0.121065
0.121065
0.121065
0.121065
0.121065
0.121065
0.121065
0.0100016
0.121065
0.121065