0.0332529
1.77636e-15
0.00569315
0.00519803
0.0417999
0.00400154
0.000128727
0.00385121
0.00136601
0.00957435
0.0111586
1.4706e-12
3.33067e-16
0.00699823
0.00377219
0.00593885
0.00609075
0.0407869
0.0271817
0.010756
0.0432533
0.025609
0.0435483
0.0296707
0.0372998
0.000524671
0.0365009
2.22045e-16
0.0330208
0.00148732
0.0269363
0.0365009
0.0365009
0.0365009
0.0365009
0.131512
0.0365009
0.0365009
0.0365009
0.0365009
0.00809384
0.0536776
0.00285602
3.88578e-16
0.028971
2.22045e-16
0.0739177
1.11022e-16
0.0171421
0.0230605
0.131512
0.131512
0.0355013
0.0269363
0.131512
0.0269363
0.131512
1.11022e-16
0.0269363
0.131512
2.77556e-16
0.0195704
0.0463072
0.0230605
0.0490676
0.00633034
0.0129922
0.0397182
0.00601066
0.131512
0.0230605
0.0230605
0.131512
0.131512
0.00683035
0.131512
0.0230605
0.0756851
0.131512
0.0230605
0.0258555
0.0119757
0.00587655
0.000580098
0.0132787
1.3724e-09
0.0119757
0.0357834
0.103286
0.0364879
0.131512
0.0230605
0.131512
0.131512
0.131512
0.0302769
0.131512
0.131512
0.00601066
0.131512
5.55112e-16
0.0289934
0.00624312
3.33067e-15
0.0213192
0.0257976
0.00807373
0.0490676
0.0380582
3.33067e-16
0.131512
0.131512
0.0230605
0.131512
0.131512
0.0230605
0.131512
0.0230605
0.0230605
0.0230605
0.0230605
0.0230605
0.0129922
3.56112e-09
0.131512
0.131512
0.0230605
0.00587655
0.0119757
0.131512
0.0230605
0.0230605
0.131512
0.131512
0.131512
0.131512
0.0230605
0.121743
0.0230605
0.00904123
0.0166988
0.0257976
0.0672156
0.0141692
0.131512
0.0272649
0.131512
0.0289934
0.0405705
0.0270143
0.131512
0.131512
0.0230605
0.131512
0.131512
0.131512
0.0129922
0.131512
0.0230605
0.131512
2.616e-10
0.011318
0.0158715
8.90371e-05
0
0.103286
0.0694303
0.0322043
0.0405152
0
6.66134e-16
0.0672156
0.0257976
0.0672156
0.131512
0.0257976
0.0257976
0.0672156
0.131512
0.0672156
0.0181001
0.011318
0.131512
0.0756851
0.0118985
0.0421731
0.011318
0.131512
0.0441954
1.09105e-10
0.131512
0.011318
0.011318
0.131512
0.011318
0.011318
0.131512
0.011318
0.131512
0.011318
0.0140688
0.0257976
0.0198865
0.0213192
0.0191247
0.0373765
0.00557531
0.00437669
0.0756851
1.11022e-15
0.131512
0.131512
0.0118985
0.131512
0.131512
0.0118985
0.131512
0.0118985
0.131512
7.21645e-16
4.36322e-06
0.0749069
0.0101139
0.00213466
0.0040607
0.00213466
0.0578915
0.0255371
5.55112e-16
0.0578915
0.131512
0.0118985
0.0118985
2.22045e-16
0.131512
0.131512
0.0118985
0.0118985
0.0118985
0.0206672
0.000541076
0.0328214
0.00751317
0.0473196
0.00793536
0.0390982
0.00539399
4.18415e-09
4.47431e-11
0.0373765
0.0040607
0.131512
0.0040607
0.0040607
0.131512
0.131512
0.131512
0.0506981
0.0040607
0.131512
0.077744
0.131512
0.131512
0.0186814
0.141176
0.0040607
0.0143767
0.0225408
0.00425736
0.0490676
0.0040607
0.131512
0.0128471
0.0040607
0.0040607
0.131512
0.00226362
0.0040607
0.131512
0.131512
0.00407881
0.0376443
0.0708416
0.00312261
0.0692362
0.0118828
0.0108918
0.000287825
0.0775763
0.00678384
0.141176
0.131512
0.131512
0.0040607
0.131512
0.141176
0.0040607
0.141176
0.141176
0.131512
0.0376443
0.141176
0.0363941
0.0288677
0.0181986
0.0208053
0.0132807
0.0501697
0.0459617
0.0179832
0.141176
0.0376443
0.0376443
0.141176
0.141176
0.0376443
0.0376443
0.0040607
0.141176
0.141176
0.0469733
0.0376443
0.0668905
0.00939683
0.00678
0.0429922
0.0270186
0.0132392
0.0376443
0.0185514
0.141176
0.141176
0.0376443
0.0376443
0.141176
0.0132807
0.0132807
0.141176
0.0132807
0.00837652
0.00890779
0.00804121
0.0583562
0.0264892
0.0212169
0.0735476
0.0414694
0.0672956
0.00555869
0.0387101
0.0884385
0.0270186
0.0270186
0.141176
0.141176
0.141176
0.141176
0.0270186
0.141176
0.0270186
0.0103739
0.0162227
0.0487679
0.0191132
0.0264892
0.141176
0.0481471
0.0424283
0.00499013
0.141176
0.141176
0.141176
0.141176
0.0270186
0.0212169
0.141176
0.0212169
0.141176
0.141176
0.0212169
0.0105529
0.014637
0.0151582
0.0317682
0.0425009
0.0219974
0.0208053
0.00576929
0.00621464
0.00778637
0.141176
0.0424283
0.141176
0.0212169
0.0212169
0.0424283
0.141176
0.141176
0.141176
0.141176
0.0333311
0.00678
0.0121301
0.0199631
0.141176
0.0477382
0.099957
0.0212169
0.0668905
0.00170213
0.141176
0.141176
0.141176
0.0270186
0.141176
0.0212169
0.0212169
0.0032823
0.0271535
0.00621464
0.0403629
0.00834118
0.0270186
0.0270186
0.0318315
0.0728271
0.0179832
0.0270186
0.00171626
0.141176
0.0270186
0.0270186
0.0270186
0.141176
0.0270186
0.141176
0.141176
0.0270186
0.0270186
0.0270186
0.0427571
6.10623e-16
0.00649849
0.0165429
0.00381067
0.00678
0.0186266
1.11022e-16
0.00105351
0.0264892
0.141176
0.141176
0.141176
0.0270186
0.141176
0.141176
0.141176
0.0270186
0.141176
0.141176
0.0186266
0.0245817
0.0124945
0.0186266
0.0172956
0.0264892
0.0924433
0.141176
0.0119715
0.141176
0.0186266
0.00105351
0.141176
0.0186266
0.00105351
0.00105351
0.141176
0.141176
0.141176
0.0186266
0.0341508
0.00804121
0.0129233
0.00358238
0.00407751
0.0260711
0.0186266
0.0436878
0.0116111
0.141176
0.0186266
0.141176
0.141176
0.141176
0.141176
0.00105351
0.141176
0.141176
0.0186266
0.00233158
0.00894395
0.00236147
0.0191374
0.00678
0.0360689
0.0147142
0.0579643
0.0121706
0.0116963
0.0219974
0.141176
0.00407751
0.0186266
0.141176
0.0186266
0.00734269
0.0186266
0.00407751
0.141176
0.00407751
0.0185514
0.0219974
0.00241993
0.00838759
0.0185514
0.000752236
0.00131022
0.00702478
0.0269501
0.0104327
0.141176
0.00734269
0.141176
0.141176
0.103259
0.141176
0.00734269
0.141176
0.141176
0.00734269
0.00409338
0.0359548
0.00428369
0.0503135
0.0147142
0.0169879
0.00694149
0.0399444
0.00890779
0.0168503
0.141176
0.141176
0.141176
0.00734269
0.0226388
0.141176
0.00734269
0.141176
0.141176
0.0340375
0.0272518
0.0363768
0.141176
0.03541
0.0279457
1.51543e-11
0.0629405
0.141176
0.00428369
0.141176
0.141176
0.141176
0.00428369
0.141176
0.0168503
0.0168503
0.00428369
0.0168503
0.0168503
0.0168503
0.00911794
0.00778715
0.0439192
0.00528827
0.0184247
0.0122074
0.00362403
0.0407126
0.0502973
0.0264892
0.0279457
0.141176
0.0279457
0.141176
0.0279457
0.0279457
0.0279457
0.0279457
0.0279457
0.0168503
0.0101599
0.0477382
0.0135346
0.0440295
0.0285159
0.0040607
0.00371577
0.0224481
0.00678
0.0668905
0.141176
0.141176
0.141176
0.141176
0.141176
0.0184247
0.0184247
0.141176
0.141176
0.141176
0.0511343
0.141176
0.0285159
0.00300547
0.0285159
0.0020027
0.00406495
0.0107915
0.106171
0.141176
0.0285159
0.0285159
0.00678
0.141176
0.0285159
0.00678
0.141176
0.0888336
0.0285159
0.141176
0.0481471
0.0104327
0.0832986
0.0202215
0.0179832
0.0274406
0.0180727
0.00896435
0.0285159
0.141176
0.141176
0.0285159
0.141176
0.0285159
0.0285159
0.0285159
0.141176
0.0285159
0.0285159
0.00300547
0.0243298
0.0118322
0.0728271
0.0931594
0.105782
0.000867949
0.00467154
0.00336015
0.00890779
0.0169879
0.141176
0.141176
0.0285159
0.0285159
0.141176
0.0285159
0.0285159
0.00483921
0.141176
0.141176
0.00409338
0.039691
0.0103041
0.0402179
8.88178e-16
0.0317391
0.0185247
0.0163203
0.0274406
0.0352646
0.0285159
0.141176
0.0285159
0.0285159
0.141176
0.00336015
0.141176
0.0285159
0.0285159
0.0285159
0.079178
0.0589243
0.0179832
0.00823284
0.09448
0.012514
0.00376912
0.0129198
0.0294173
0.0164326
0.0245919
0.141176
0.141176
0.0185247
0.0185247
0.141176
0.0185247
0.141176
0.141176
0.0185247
0.0568905
0.00839594
0.0300726
0.0045008
0.0743733
0.00131022
0.00129199
0.0527385
0.00868229
0.0376443
0.0334532
0.141176
0.0185247
0.0471592
0.0185247
0.0185247
0.141176
0.141176
0.00823284
0.141176
0.0220844
0.0264892
0.00838759
0.141176
0.141176
0.141176
0.0260711
0.016452
0.141176
0.141176
0.141176
0.0185247
0.141176
0.141176
0.141176
0.141176
0.141176
0.141176
0.141176
0.141176
0.00678
0.0179832
0.0348268
0.00376338
0.00719531
0.0887982
0.0227333
0.0664702
0.000788662
0.00406495
0.141176
0.141176
0.00838759
0.141176
0.030436
0.141176
0.141176
0.141176
0.0260711
0.141176
0.0162659
0.00713565
0.00581738
0.0622751
0.0665015
0.0105872
0.0322129
0.0728271
0.0113924
0.0311271
0.00406495
0.0260711
0.141176
0.00406495
0.0260711
0.00406495
0.141176
0.00406495
0.0840084
0.0440403
0.0325471
0.0130694
0.0219974
0.068969
0.0629405
0.0168654
0.00838759
0.0185514
0.00486342
0.00645291
0.00713565
0.141176
0.141176
0.141176
0.141176
0.141176
0.141176
0.141176
0.141176
0.141176
0.0116033
0.00434238
0.0511964
0.0206139
0.00857865
0.0196036
0.010098
0.141176
0.187682
0.00666311
0.00838759
0.141176
0.0219974
0.141176
0.0219974
0.141176
0.0219974
0.141176
0.141176
0.146625
1.11022e-15
0.00151914
0.00106354
0.141176
5.55112e-16
0.0163171
9.35693e-05
0
0.0128623
0.00983694
0.187682
0.00838759
0.0219974
0.00838759
0.187682
0.00838759
0.0219974
0.0219974
0.0219974
0.0219974
0.0184805
0.0227333
0.0257735
0.0318877
0.0584911
0.0259471
0.0106629
0.0143394
0.0600724
0.0447739
0.187682
0.187682
0.00151914
0.187682
0.187682
0.187682
0.00151914
0.00151914
0.00741285
0.187682
0.0162715
0.0215751
0.0434037
0.0447739
0.187682
0.0129432
0.00649068
0.0728271
0.0143394
0.00595232
0.0143394
0.0143394
0.187682
0.187682
0.0259471
0.0335907
0.0220996
0.187682
0.0143394
0.187682
0.00338498
0.00692635
0.00519664
0.0447739
0.0126326
0.0551514
0.00265593
0.0103941
0.0427655
0.00565077
0.0162715
0.0129432
0.0129432
0.0162715
0.187682
0.187682
0.187682
0.187682
0.187682
0.187682
0.0351629
0.0118407
0.00277502
0.00240064
0.0113993
0.028259
0.0605181
0.0129078
0.00850258
0.0243866
0.00692635
0.187682
0.00692635
0.00692635
0.00692635
0.00692635
0.00338498
0.187682
0.187682
0.00338498
0.187682
0.0017105
0.187682
0.187682
0.079178
0.0539412
0.034341
0.017953
0.187682
0.00163333
0.0118394
0.187682
0.187682
0.187682
0.187682
0.187682
1.11022e-16
0.187682
0.187682
0.187682
0.00692635
0.00852544
0.0728271
0.00949404
0.0566686
0.0253116
0.057852
0.01394
0.0369275
0.0532883
0.187682
0.0539412
0.0539412
0.187682
0.187682
0.0539412
0.187682
0.187682
0.0539412
0.187682
0.00250647
0.0726163
0.0309203
0.0726163
0.0303238
0.0182229
0.000162463
0.00678715
0.0303962
0.0245135
0.00692635
0.187682
0.0792557
0.0209371
0.0539412
0.0369275
0.00692635
0.187682
0.187682
0.0369275
0.0130044
0.0306882
0.0148366
0.0178072
0.0728271
0.0183407
0.00675585
0.0223091
0.0566686
0.0111616
0.0245135
0.187682
0.187682
0.0245135
0.187682
0.187682
0.0245135
0.0245135
0.0245135
0.187682
0.00890779
0.0110349
0.00850258
0.0162444
0.0318877
0.000499065
0.0245135
0.0179832
0.0109241
0.00185757
0.0178072
0.000513427
0.187682
0.187682
0.187682
0.0245135
0.0178072
0.0178072
0.187682
0.0178072
0.0501926
0.0110349
0.0195686
0.187682
0.0274807
0.000894068
0.00554829
0.00771033
0.0222425
0.00617659
0.0110349
0.0110349
0.187682
0.0110349
0.0110349
0.0110349
0.187682
0.187682
0.0110349
0.187682
0.0339872
0.00983694
0.0600724
0.0147635
0.187682
0.0131662
0.00300174
0.0582151
0.00499013
0.187682
0.187682
0.187682
0.187682
0.0110349
0.0110349
0.0110349
0.187682
0.0110349
0.187682
0.187682
0.0309608
0.00519664
0.00499013
0.0302047
0.0389892
0.0447739
0.00871305
0.187682
0.013165
0.0195107
0.0131662
0.187682
0.0582151
0.0582151
0.187682
0.187682
0.00499013
0.187682
0.0131662
0.00996984
0.00268641
0.00135343
0.0113883
0.00409881
0.0235656
0.0195107
0.00784142
0.187682
0.0566686
0.0539909
0.00996984
0.187682
0.00996984
0.0195107
0.187682
0.187682
0.0195107
0.187682
0.187682
0.0195107
0.00983694
0.018173
0.0136386
0.0111616
0.00480608
0.0354219
0.0195107
0.0186024
0.0103724
0.187682
0.187682
0.187682
0.0195107
0.187682
0.187682
0.187682
0.187682
0.0195107
4.44089e-16
0.0195107
0.00526534
0.0181971
0.187682
0.0133668
0.0136386
0.0163536
0.0136386
0.00809241
0.0195107
0.0146557
0.0195107
0.0136386
0.0136386
0.0195107
0.0195107
0.0195107
0.187682
0.0195107
0.0136386
0.187682
0.0136386
0.00452712
0.187682
0.00519664
0.0128371
0.187682
0.00313344
0.0180529
0.0230151
0.00890779
0.056614
0.0136386
0.0136386
0.0136386
0.0136386
0.0152583
0.187682
0.0136386
0.0136386
0.187682
0.00289447
0.0137945
0.0121753
1.55431e-15
0.0413573
0.00438051
0.00371411
0.0195107
0.0573067
0.0098702
0.0136386
0.187682
0.187682
0.0136386
0.0136386
0.187682
0.187682
0.0136386
0.187682
0.0136386
0.00131022
0.00703494
0.0454964
0.0318877
0.00733025
0.00131022
0.0386065
0.014944
0.0469752
0.0146557
0.187682
0.0136386
0.187682
0.187682
0.187682
0.0136386
0.187682
0.187682
0.187682
0.187682
0.0127912
0.0238001
0.00254041
0.0012758
0.0223002
0.0511343
0.00825406
0.0336379
0.00591931
0.0173989
0.014944
0.014944
0.187682
0.00323411
0.187682
0.187682
0.187682
0.00733025
0.00733025
0.00223008
0.0104671
0.0771133
0.00733025
0.0204561
0.0136386
2.22045e-16
0.110955
0.0429764
0.0142714
0.187682
0.187682
0.00733025
0.00733025
0.187682
0.00733025
0.00733025
0.0106561
0.187682
0.00733025
0.0527192
0.0154558
0.0167605
0.000736942
0.060834
0.0193466
0.0136386
0.00386725
0.00244182
0.0728271
0.187682
0.187682
0.00733025
0.187682
0.187682
0.0136386
0.187682
0.0136386
0.187682
0.00733025
0.0136386
0.0334284
0.0292377
0.000919505
0.007419
0.015902
0.00292389
0.00519664
0.000972958
0.0486934
0.0215751
0.187682
0.0154558
0.00733025
0.00438682
0.00733025
0.00733025
0.00733025
0.00733025
0.0154558
0.0154558
0.0278148
0.00617659
0.00565077
0.0386065
0.0765492
0.024975
0.00118186
0.00339499
0.0260711
0.014944
0.187682
0.187682
0.187682
0.187682
0.187682
0.187682
0.00135982
0.0773084
0.187682
0.187682
0.187682
0.0278148
0.014944
0.0747296
0.00813382
0.0184805
0.0285906
0.0414356
0.0162715
0.00890779
0.0278148
0.187682
0.0278148
0.187682
0.187682
0.0278148
0.187682
0.0376054
0.187682
0.187682
0.0605181
0.0118508
0.0158015
0.0193597
0.00519664
0.00714504
0.024975
0.0144112
0.0600724
0.014944
0.187682
0.0278148
0.0278148
0.187682
0.0278148
0.187682
9.4369e-16
0.187682
0.0278148
0.187682
0.0118508
0.0221288
0.00714504
0.0158015
0.0224698
0.00692635
0.0528702
0.00541574
0.0539882
0.0853659
0.0158015
0.00714504
0.0158015
0.0120791
0.187682
0.0158015
0.187682
0.0158015
6.87869e-05
0.0158015
0.0111616
0.187682
0.0106629
0.00161676
0.0131263
0.00301678
0.0118508
0.0383784
0.187682
0.187682
0.0118508
0.187682
0.187682
0.187682
0.187682
0.187682
0.000407322
0.187682
0.0118508
0.0118508
0.05822
0.00561378
0.0179179
0.0311445
0.00767541
0.0110329
0.0386065
0.00311514
0.0258605
0.014944
0.0111616
0.0383784
0.187682
0.0118508
0.0383784
0.0118508
0.187682
0.0118508
0.0111616
0.187682
0.0291317
0.0171603
0.0122964
0.0121563
0.0111616
0.00692635
0.036822
0.0173989
0.187682
0.00652026
0.187682
0.0111616
0.187682
0.0111616
0.0111616
0.187682
0.187682
0.0142184
0.187682
0.0111616
0.0386065
0.0179832
0.0105784
0.0144448
0.0986253
0.0267931
0.0171515
0.0146557
0.00740065
0.0245135
0.0225275
0.0142184
0.187682
0.187682
0.0457095
0.187682
0.0111616
0.0142184
0.0111616
0.0142184
0.00751144
0.00947214
0.0181971
0.00122814
0.00740065
0.00804121
0.0152287
0.0344373
0.00140687
0.0451976
0.0142184
0.0142184
0.0142184
0.187682
0.0142184
0.187682
0.187682
0.187682
0.187682
0.0142184
0.0067094
0.0176623
0.00277209
0.00391763
0.0178992
0.187682
0.0121985
0.0173989
0.187682
0.0930318
0.187682
0.0277606
0.00804121
0.187682
0.00804121
0.00804121
0.187682
0.187682
0.00804121
0.00140687
0.0154967
0.0017105
0.079178
0.0260711
0.0460263
0.0260711
0.0263644
0.0141396
0.0016306
0.00890779
0.187682
0.187682
0.0176623
0.187682
0.0067094
0.0176623
0.187682
0.0176623
0.00288049
0.187682
0.0166038
0.0176623
0.0527385
0.00161676
0.0176623
0.0106629
5.55112e-16
0.00265593
0.00452968
0.0527385
0.00708477
0.187682
0.187682
0.187682
0.00359098
0.0176623
0.187682
0.0176623
0.0176623
0.0176623
0.0464165
0.00292175
0.0142613
0.0275115
0.0166038
0.00265593
0.187682
0.0173989
0.0110076
0.00692635
0.0166038
0.0166038
0.187682
0.0166038
0.0166038
0.0166038
0.0166038
0.187682
0.187682
0.187682
0.0191079
0.0494138
0.0311271
0.00613025
0.00692635
0.00425968
0.00921546
1.72085e-15
0.00869604
0.00265593
0.187682
0.0166038
0.0166038
0.0166038
0.0166038
0.187682
0.187682
0.0166038
0.187682
0.187682
0.0106629
0.00161676
0.00339499
0.000239934
0.0176623
0.00131022
0.0372389
2.66454e-15
0.0245135
0.0146557
1.59872e-14
0.0449371
0.00692635
0.187682
0.187682
0.187682
3.15026e-15
0.00692635
0.187682
3.60822e-15
0.0198445
0.0222939
0.0363013
0.0292377
0.00517989
0.00126868
0.0163816
0.0600724
0.0179832
0.00521906
0.187682
0.187682
0.187682
0.00131022
0.00131022
0.0172139
0.187682
0.00222003
0.187682
0.0287042
0.047876
0.187682
0.0173989
0.119303
0.0179832
0.00804121
0.00131022
0.00768275
0.187682
0.00187615
0.00131022
0.187682
0.187682
0.187682
0.00131022
0.0179832
0.00131022
0.187682
0.187682
0.0179832
0.0047488
0.0302013
0.063669
0.00771144
0.00705761
0.010883
0.0454964
0.0638853
0.00380429
0.0728271
0.0602571
0.047876
0.00804121
0.00804121
0.047876
0.047876
0.187682
0.00249389
0.0231318
0.187682
0.0821777
0.0600724
0.00577421
0.00904433
0.0288401
0.0354407
0.0172867
0.0274807
1.33227e-15
0.00866093
0.187682
0.00771144
0.187682
0.00771144
0.00771144
0.187682
0.187682
0.00771144
0.187682
0.00771144
5.26857e-05
0.0386065
0.00866093
0.00151914
0.000606316
0.0202758
0.000297268
0.00486488
0.00771144
0.015927
0.187682
0.00866093
0.00973585
0.00866093
0.0496072
0.187682
0.00771144
0.00866093
0.00866093
0.00866093
0.0318877
0.00692635
0.0447739
0.187682
0.00486488
0.187682
0.0236805
0.0111616
0.187682
0.00301678
0.187682
0.00888031
0.187682
0.187682
0.187682
0.00486488
0.187682
0.187682
0.187682
0.00486488
0.187682
0.00496141
0.0130141
0.00921546
0.0318877
0.00730757
0.00921546
0.00302858
0.019174
0.187682
0.0236805
0.187682
0.187682
0.187682
0.187682
0.187682
0.0236805
0.0236805
0.187682
0.0236805
0.00921546
0.0270001
9.4369e-16
0.0562607
0.0236805
0.00486488
0.0305674
0.0226561
0.0388292
0.00185757
0.0236805
0.0236805
0.187682
0.019174
0.187682
0.0236805
0.00496141
0.00496141
0.0236805
0.187682
0.0301158
0.0171865
0.0354219
0.00921546
0.0111616
0.00921546
0.0186024
0.0161523
4.996e-16
0.00235823
0.187682
0.187682
0.00921546
0.00921546
0.00921546
0.187682
0.187682
0.00921546
0.187682
0.00921546
0.00890779
0.00265593
0.0341674
0.0112727
0.0982631
0.0192562
0.037794
0.0130913
0.000502384
0.0141194
0.00921546
0.00235823
0.00235823
0.187682
0.00921546
0.187682
0.00921546
0.187682
0.00921546
0.187682
0.01438
0.0292377
0.0527385
0.0179832
0.0930318
0.0510056
0.0233783
0.000724317
0.0783754
0.0195107
0.0423944
0.187682
0.187682
0.00890779
0.187682
0.187682
0.00890779
0.187682
0.00890779
0.00890779
0.0233724
0.0546294
0.0562607
0.187682
0.0728271
0.0146524
0.0075564
0.0233783
0.00499013
0.0363512
0.0233783
0.00742232
0.00890779
0.0728851
0.0134953
0.0233783
0.00890779
0.187682
0.00890779
0.187682
0.00418378
0.0075564
3.6455e-05
0.0110329
0.0233783
0.0288962
0.0349082
0.00524089
0.00563975
0.187682
0.0233783
0.187682
0.187682
0.187682
0.0233783
0.187682
0.187682
0.0233783
0.187682
0.0233783
0.0626163
0.0182605
0.187682
0.00131022
0.00825002
0.00902819
0.00323325
0.00890779
0.187682
0.00852544
0.187682
0.0233783
7.21645e-16
0.187682
0.0300786
0.0233783
0.187682
0.0075564
0.0075564
0.187682
0.0308489
0.0215751
0.00265593
0.00705761
0.0159145
0.00506881
0.0212016
0.0159003
0.0113218
0.0728271
0.187682
0.187682
0.0182605
0.0075564
0.0075564
0.187682
0.0182605
0.0450249
0.0182605
0.187682
0.0625137
0.0111616
0.039059
0.0236811
0.000214823
0.019109
0.00675585
0.0163085
0.0471531
0.0179832
0.0182605
0.00265593
0.187682
0.0182605
0.187682
0.187682
0.0293589
0.0182605
0.187682
0.0182605
0.0049733
0.0098702
0.00118186
0.0891198
0.0193378
0.000736942
0.00565077
0.0179832
0.187682
0.0344373
0.0179832
0.0409402
0.187682
0.187682
0.187682
0.0179832
0.187682
0.187682
0.00265593
0.187682
0.0292377
0.0447165
0.0228945
0.00185757
0.0179832
0.0233804
0.00644422
0.0179832
0.00410552
0.00688634
0.187682
0.00565077
0.0179832
0.0179832
0.187682
0.00676337
0.187682
0.0179832
0.187682
0.00565077
0.00676337
0.0562607
0.00676337
0.0388292
0.025326
0.0245135
0.00863301
0.0280659
0.0292377
0.0179832
0.187682
0.00676337
0.187682
0.187682
0.187682
0.187682
0.187682
0.187682
0.00676337
0.00676337
0.00676337
0.0130765
0.0174477
0.0827315
0.027531
0.0295881
0.0192047
0.00692635
0.0200467
0.187682
0.00676337
0.00676337
0.0245135
0.00676337
0.00676337
0.187682
0.187682
0.187682
0.00676337
0.0245135
0.0147919
6.66134e-16
0.00676337
0.00676337
0.0441981
0.019401
0.0269629
0.00888972
0.0192047
0.00607107
0.187682
0.187682
0.187682
0.187682
0.0149144
0.00676337
0.187682
0.00676337
0.00676337
0.00676337
0.0122533
0.187682
0.00502848
0.0251959
0.00467486
2.4869e-14
0.0160525
0.0171597
0.0171597
0.0124585
0.187682
0.187682
0.00888972
0.00888972
0.00888972
0.00676337
0.00888972
0.00888972
0.00888972
0.00888972
0.0771133
0.00874896
0.187682
0.0318877
0.0357201
0.00131022
0.00770755
0.00268641
0.187682
0.00852544
0.187682
0.00888972
0.0112249
0.187682
0.187682
0.187682
0.01427
0.187682
0.187682
0.0591303
0.00970908
0.079178
0.0206817
0.035548
0.0566285
0.02509
0.0153407
0.000941683
0.0567044
0.00781136
0.187682
0.187682
0.00770755
0.0683624
0.00888972
0.0771133
0.0771133
0.0771133
0.0771133
0.187682
0.0215751
0.0771133
0.0114744
0.0292377
0.00441516
0.0381543
0.00686437
0.00890779
0.00162499
0.0318877
0.035548
0.035548
0.00864642
0.035548
0.035548
0.187682
0.035548
0.035548
0.187682
0.187682
0.0253863
0.0294179
0.00890779
0.00118187
0.0402811
0.000502079
0.00581471
0.0562607
0.00751394
0.0386065
0.187682
0.00890779
0.187682
0.00890779
0.00890779
0.187682
0.187682
0.00890779
0.00890779
0.187682
0.060834
0.00554845
0.0470752
0.0123368
0.00840339
0.0179832
0.0427709
0.0727031
0.0260711
0.0527205
0.187682
0.187682
0.00890779
0.187682
0.187682
0.187682
0.0154054
0.00890779
0.00890779
0.187682
0.0593755
0.0115601
0.02937
0.0292377
0.00521713
0.0388292
0.00750207
0.0394318
0.0728271
0.0179832
0.187682
0.0123368
0.0123368
0.0123368
0.187682
0.0123368
0.0123368
0.0427709
0.187682
0.187682
0.0335355
0.0142892
0.0212694
0.0728271
0.00521713
0.00519664
0.00685947
0.014389
0.0664702
0.187682
0.00521713
0.0179832
0.187682
0.00521713
0.0179832
0.187682
0.0179832
0.0179832
0.0179832
0.0179832
0.0382406
0.187682
0.187682
0.0179832
0.0144448
0.10257
0.0179832
2.66391e-10
0.0215295
0.0106629
0.0179832
0.187682
0.0179832
0.0148829
0.187682
0.0179832
0.0179832
0.187682
0.0208342
0.187682
4.00993e-09
0.0146557
0.0171515
0.014944
0.0236811
0.0891198
0.0771133
0.0144448
0.0306882
0.0274807
0.187682
0.0179832
0.0179832
0.187682
0.187682
0.0292562
0.187682
0.187682
0.187682
0.187682
0.00122668
0.0519635
0.00496289
0.0534759
0.0101271
0.000736942
0.00281405
0.0112029
0.0118516
0.00519664
0.0144448
0.0274807
0.0274807
0.0274807
0.014944
0.014944
0.014944
0.187682
0.0274807
0.014944
0.0527385
0.0260711
0.00554845
0.0727031
0.0454964
0.044208
0.00519664
0.0143394
0.0098702
0.014944
0.187682
0.187682
0.187682
0.187682
0.187682
0.187682
0.187682
0.187682
0.187682
0.187682
0.0245135
0.0505422
0.0194638
0.00438051
0.0097896
0.00619035
0.0494937
0.0233868
0.0195812
0.00418378
0.0143394
0.187682
0.044208
0.0143394
0.0143394
0.0527385
0.0143394
0.187682
0.187682
0.187682
0.00554845
0.0138573
0.00345277
0.0110216
0.0127898
0.0215751
0.0313988
0.0728271
0.0259608
0.000994837
0.00418378
0.187682
0.0143394
0.0143394
0.0143394
0.187682
0.187682
0.187682
0.0143394
0.0143394
0.0274807
0.0206784
0.00888108
0.0105911
0.00112492
0.0222425
0.0106798
0.0311271
0.0056983
0.00666238
0.187682
0.0110216
0.0110216
0.0110216
0.0110216
0.0110216
0.187682
0.187682
0.187682
0.187682
0.00135456
0.00888108
0.00212198
0.187682
0.187682
0.00888108
0.00888108
0.0344373
0.00739566
0.187682
0.00888108
0.0142314
0.00888108
0.187682
0.187682
0.187682
0.00888108
0.131818
0.00888108
0.00760575
0.00565077
0.0147307
0.0271384
0.0154876
0.0223885
0.00100013
0.0194716
0.000657898
0.0205842
0.0344373
0.187682
0.00913908
0.00888108
0.00888108
0.00888108
0.00888108
0.00888108
0.187682
0.00888108
0.00888108
0.00268641
0.00692635
0.0227333
0.187682
0.0179832
0.187682
0.00265593
0.0300677
0.00131022
0.0124831
0.187682
0.187682
0.187682
0.187682
0.187682
0.00565077
0.187682
0.187682
0.187682
0.187682
0.00185757
0.00188951
0.00890779
0.0198396
0.00131022
0.187682
0.0119363
0.0664702
0.020758
0.0246576
0.00565077
0.187682
0.00131022
2.22045e-16
0.0227333
0.00565077
0.00131022
0.187682
0.187682
0.187682
7.77156e-16
0.0134835
0.0253863
0.187682
0.00265593
0
0.00135456
0.0282435
0.00397943
0.0413495
0.00890779
0.00890779
0.187682
2.77556e-17
0.187682
0.00890779
2.66454e-15
2.22045e-16
0.0159148
0.187682
0.00397943
0.012284
0.0206009
0.0183738
0.0270006
0.00692635
0.00397943
0.00151914
0.0562607
0.00265593
0.187682
0.187682
0.00397943
0.00397943
0.187682
0.187682
0.187682
0.00397943
0.00397943
0.00397943
0.00397943
0.018173
0.00564747
0.00397943
0.034341
0.0260711
0.0839772
0.0282679
0.00920821
0.00163333
0.187682
0.187682
0.187682
0.00397943
0.187682
0.187682
0.187682
0.187682
0.00397943
0.00911293
0.0194348
0.0223002
0.0425472
0.0386065
0.0098702
0.0283871
0.0249115
0.0386065
0.0293142
0.0527385
0.018173
0.00397943
0.187682
0.018173
0.018173
0.018173
0.00397943
0.00397943
0.187682
0.187682
0.0229986
0.0147944
0.0930318
0.0179179
0.0171603
0.0260711
0.0562607
0.00151914
0.0102238
0.00831825
0.187682
0.187682
0.187682
0.018173
0.187682
0.018173
0.187682
0.187682
0.018173
0.187682
0.0051803
0.00741289
0.014292
0.0351662
0.0318877
0.0188705
0.00443308
2.76323e-12
0.0236811
0.0771133
0.018173
0.0179179
0.0179179
0.018173
0.018173
0.187682
0.187682
0.187682
0.187682
0.018173
0.012514
0.187682
0.00840339
0.0151946
0.021433
0.0427709
0.00741289
0.0260711
0.013037
0.0171603
0.00741289
0.187682
0.187682
0.00741289
0.187682
0.187682
0.187682
0.00741289
0.0274807
0.187682
0.187682
0.0024272
0.011651
0.0106758
0.00840339
0.0195174
0.0178372
0.0247408
0.00692635
0.00131022
0.00840339
0.00840339
0.0171603
0.0171603
0.187682
0.187682
0.00840339
0.187682
0.187682
0.00840339
0.00142116
0.0604891
0.0113652
0.0275431
0.00438051
0.00705761
0.187682
0.187682
0.0279214
0.0173989
0.0129626
0.187682
0.187682
0.00840339
0.00840339
0.00840339
0.187682
0.187682
0.187682
0.187682
0.00230866
0.0112965
0.187682
2.55351e-15
0.012385
0.0195812
0.111764
0.187682
0.0246688
0.00890779
0.187682
0.00840339
0.00840339
0.00840339
0.00438051
0.187682
0.187682
0.00438051
0.187682
0.187682
0.00910245
0.0279214
4.996e-16
0.0135158
0.000490777
0.00302858
0.0527385
4.44089e-16
0.00451025
0.00151914
0.00438051
0.187682
0.111764
0.111764
0.00438051
0.030639
0.111764
0.187682
0.187682
0.111764
0.0263326
0.00943832
0.0386065
0.00324754
0.0292377
0.0181971
0.00438051
0.187682
0.00466157
0.0292377
8.88178e-16
0.187682
0.187682
0.187682
0.187682
0.0719728
0.187682
0.187682
0.00438051
0.0428812
0.0400882
0.00943832
0.0215052
0.0144615
0.0274807
0.0236811
0.00817307
0.0167798
0.187682
0.0154558
0.187682
0.187682
0.187682
0.00943832
0.0292377
0.00943832
0.187682
0.0292377
0.187682
0.0292377
0.0578946
0.0274807
0.0418319
0.0208405
0.00943832
0.00438051
0.00890779
0.0510056
0.00814708
0.0130711
0.187682
0.0274807
0.00943832
0.00943832
0.0274807
0.00943832
0.0274807
0.0274807
0.187682
0.187682
0.010052
0.187682
0.0246576
0.0292377
0.0111616
0.0162715
0.0136302
0.00521906
0.00265593
0.00943832
0.187682
0.187682
0.187682
0.187682
0.187682
0.00943832
0.00943832
0.187682
0.187682
0.187682
0.0065382
0.0728271
0.0447739
0.0169438
0.0318877
0.00265593
0.0193399
0.063122
1.89848e-14
0.00904433
0.0162715
0.0111616
0.187682
0.0162715
0.187682
0.00521906
0.0111616
0.187682
0.0162715
0.0111616
0.0386065
2.33147e-15
0.037794
0.00234413
0.0178497
0.0098702
0
0.0111616
0.0274593
0.187682
0.0111616
0.0111616
1.9984e-15
0.0111616
0.187682
0.0111616
0.0103676
0.187682
0.0111616
0.0111616
0.0171603
0.0103676
0.187682
0.0151946
0.00692635
0.013734
0.0274807
0.0236811
0.0362429
0.0226093
0.187682
0.187682
0.0103676
0.187682
0.187682
0.187682
0.187682
0.187682
0.0103676
0.187682
0.0151946
0.0274807
0.0251458
0.00310023
0.0159745
0.0386065
0.0123175
0.025492
0.0482397
0.0728271
0.187682
0.0151946
0.187682
0.0151946
0.187682
0.187682
0.0274807
0.0151946
0.0274807
0.00360519
0.0283214
0.014944
0.0144448
0.00131022
0.00554845
0.00487069
0.00220425
0.0577594
0.0727031
0.00131022
0.0159745
0.187682
0.0255191
0.0151946
0.187682
0.187682
0.187682
0.187682
0.187682
0.187682
0.0454566
0.0355549
0.0353946
0.00487069
0.0466461
0.014944
0.0204214
0.0469752
0.0144448
0.0386065
0.187682
0.00487069
0.0144448
0.0144448
0.0144448
0.00487069
0.00487069
0.0144448
0.187682
0.187682
0.0204214
0.0354219
0.047834
0.187682
0.00389326
0.187682
0.0104327
0.0344373
0.0600724
0.00151914
0.0144448
0.187682
0.0245126
0.187682
0.187682
0.0144448
0.0144448
0.187682
0.187682
0.187682
0.0600724
0.0354219
0.00438051
0.0147987
0.0204214
0.0186024
0.00890779
0.0446394
0.0184805
0.051604
0.187682
0.187682
0.187682
0.187682
0.187682
0.187682
0.187682
0.187682
0.00389326
0.0204214
0.00580307
0.0386065
0.0215164
0.0584217
0.047834
0.042703
0.0282679
0.187682
0.0118424
0.0260711
0.0292377
0.187682
0.187682
0.0204214
0.0204214
0.187682
0.187682
0.0238974
0.187682
0.0204214
0.0282679
0.00839743
0.0510056
0.037556
0.00676196
0.0432158
0.0028682
0.0125209
0.00890779
0.0600724
0.187682
0.0204214
0.0282679
0.187682
0.0204214
0.187682
0.187682
0.0282679
0.0204214
0.0282679
0.00410317
0.0407692
0.0728271
0.0318877
0.187682
0.00676196
0.00890779
2.04836e-14
0.0037432
0.187682
0.0204214
0.187682
0.0204214
0.187682
0.187682
0.187682
0.0204214
0.0204214
0.187682
0.187682
0.187682
0.0364802
0.0236805
0.00942738
0.0037432
0.0117187
0.0144448
0.0204214
0.00130752
0.0185501
0.0204214
0.0407692
0.0204214
0.187682
0.0204214
0.00315262
0.0204214
0.0037432
0.187682
0.0204214
0.00692635
0.0246576
0.00107958
0.0064559
0.187682
0.000498763
0.0510636
0.187682
0.0179832
0.0260711
0.187682
0.000568503
0.0144448
0.187682
0.187682
0.187682
0.187682
0.0144448
0.0144448
0.0207051
0.0510636
0.00151914
0.0246576
0.00182763
0.036732
0.0289366
0.0144448
0.0111616
0.00442215
0.014944
0.0144448
0.187682
0.0246576
0.187682
0.0144448
0.187682
0.0246576
0.0144448
0.0246576
0.0144448
0.00890779
0.0129346
0.00890779
0.0292377
0.0359382
0.015084
0.00831825
0.00454418
0.0566686
0.00852544
0.187682
0.187682
0.187682
0.0144448
0.187682
0.0725046
0.187682
0.0144448
0.187682
0.0144448
0.187682
0.0728271
2.498e-16
0.00890779
0.187682
0.0142808
0.0171515
0.187682
0.0040572
0.00850258
0.187682
0.00890779
0.187682
0.187682
0.00890779
0.187682
0.187682
0.00890779
0.187682
0.187682
0.0143119
0.0164788
0.0503093
0.000855863
0.0454964
0.00795756
0.0179832
0.00131022
0.0014075
0.00268641
0.0142808
0.00890779
0.187682
0.187682
0.0142808
0.00628601
0.187682
0.00890779
0.187682
0.00890779
0.0215751
0.187682
0.0728271
0.00890779
0.00692635
0.187682
0.0354219
0.027481
0.187682
0.00265593
0.187682
0.187682
0.187682
0.00890779
0.187682
0.187682
0.00890779
0.187682
0.187682
0.187682
0.0147919
0.00247994
0.0173989
0.0130141
0.024677
0.0481471
0.036488
0.0542764
0.0114433
0.0204489
0.0107888
0.187682
0.019149
0.187682
0.187682
0.00692635
0.0201731
0.00890779
0.187682
0.187682
0.00371915
0.0148646
0.0771133
0.00246817
0.0318877
0.0042396
0.00500547
0.0238618
0.0395756
0.0318877
0.187682
0.187682
0.0147919
0.000308899
0.00692635
0.0147919
0.00692635
0.187682
0.00692635
0.00692635
0.024141
0.0012758
0.00520569
0.00904433
0.0162715
0.0292377
0.00234413
0.00692819
0.044208
0.0105784
0.187682
0.187682
0.187682
0.187682
0.00692635
0.187682
0.187682
0.00692635
0.187682
0.187682
0.000702535
0.00467511
0.00453956
0.014944
0.0605703
0.00729232
0.0159753
0.187682
0.00363431
0.0454964
0.0088178
0.0162715
0.00692635
0.0162715
0.0162715
0.00692635
0.187682
0.187682
0.0162715
0.00692635
0.00246127
0.00131022
0.00363431
0.0154558
0.0414951
0.0101685
0.0225328
0.00371915
0.0725001
0.0260711
0.187682
0.187682
0.187682
0.00467511
0.00467511
0.00467511
0.00467511
0.187682
0.00467511
0.187682
0.0159745
0.024141
0.00692635
0.00454373
0.00715558
0.0295494
0.00881772
0.00558922
0.0137837
0.0728271
0.00467511
0.00467511
0.187682
0.00467511
0.187682
0.00467511
0.187682
0.187682
0.00467511
0.00131022
0.00890779
0.0359382
0.00254799
0.00409457
0.187682
0.0117402
0.010199
0.014944
0.00145335
0.187682
0.187682
0.187682
0.00467511
0.187682
0.00467511
0.00467511
0.187682
0.187682
0.187682
0.187682
0.187682
0.00890779
0.0104671
0.014944
0.187682
0.00890779
0.00880045
0.187682
0.00640442
0.0318877
0.187682
0.187682
0.014944
0.00890779
0.187682
0.014944
0.00890779
0.00890779
0.014944
0.187682
0.0325176
0.0318877
0.00438051
0.0318877
0.0318877
0.0527385
0.0147919
0.0149334
0.0318877
0.00890779
0.0318877
0.0318877
0.0318877
0.187682
0.0132546
0.0321018
0.0318877
0.0318877
0.187682
0.0318877
0.00189299
0.0510056
0.0028426
0.187682
0.00554845
0.0427709
0.00840339
0.0365488
0.0469752
0.187682
0.187682
0.0355143
0.0318877
0.187682
0.187682
0.00674791
0.0318877
0.187682
0.0318877
0.187682
0.187682
0.00106559
0.0163522
0.0132051
0.0427709
0.0260711
0.0318877
0.00163333
0.0279294
0.00131022
0.187682
0.0233402
0.187682
0.0318877
0.187682
0.0427709
0.0427709
0.0340343
0.0318877
0.187682
0.0186618
0.0510056
0.00373954
0.00600803
0.0298612
0.0251637
0.0765492
0.0365917
0.0142682
0.0359382
0.187682
0.0163522
5.9884e-05
0.0318877
0.187682
0.0318877
0.0167771
0.0318877
0.0204213
0.0318877
0.0251637
0.187682
0.00210502
0.0050017
0.187682
0.187682
0.187682
0.0251637
0.187682
0.187682
0.187682
0.187682
0.0251637
0.0251637
0.187682
0.187682
0.187682
0.187682
0.0251637
0.0251637
0.00151914
0.0292377
0.187682
0.0386065
0.0186442
0.0278148
0.00265593
0.0728271
0.187682
0.187682
0.0251637
0.187682
0.187682
0.187682
0.187682
0.187682
0.187682
0.187682
0.187682
0.187682
0.0160279
0.0626188
0.00678629
0.0814738
0.0163961
0.0930318
0.0728271
0.00391763
0.00759296
0.0179832
0.0292377
0.187682
0.187682
0.187682
0.0728271
0.187682
0.187682
0.187682
0.187682
0.0292377
0.00176311
0.0202757
0.0296063
0.0127149
0.0664702
0.014389
6.72176e-10
0.0668578
0.0144448
0.0765492
0.187682
0.00759296
0.00791146
0.0413812
0.00759296
0.187682
0.187682
0.0179832
0.0179832
0.0626188
0.0144448
0.0144448
0.0144448
0.00312075
0.00855293
0.0234464
0.0330484
0.0179832
0.00438051
0.187682
0.0144448
0.0144448
0.187682
0.0144448
0.0144448
0.0144448
0.0144448
0.187682
0.187682
0.187682
0.0111616
0.00675585
0.0560086
0.0260711
0.187682
0.000498763
0.0307966
0.0209016
0.0156631
0.187682
0.00477794
0.0235511
0.187682
0.187682
0.0144448
0.0144448
0.187682
0.187682
0.0144448
0.187682
0.0104327
0.0111616
0.0274896
0.187682
0.0105971
0.000498763
0.0118539
0.00083672
0.0111616
0.00083672
0.0260711
0.0568789
0.187682
0.0260711
0.000498763
0.187682
0.0111616
0.0111616
0.187682
0.0260711
0.0267778
0.110251
0.0318877
0.00308877
0.000937218
0.00118187
0.00663454
0.00565077
0.00545361
0.0294173
0.0111616
0.187682
0.0111616
0.0111616
0.187682
0.187682
0.187682
0.0262867
0.187682
0.187682
0.00663454
0.00547462
0.0237106
0.187682
0.00545361
0.0274807
0.187682
0.0179179
0.00545361
0.00545361
0.00545361
0.187682
0.00545361
0.187682
0.00545361
0.187682
0.00663454
0.00545361
0.00663454
0.187682
0.000385467
0.00811013
0.009878
0.0331294
0.000339744
0.00617659
0.0130711
0.035382
0.00663454
0.00646523
1.94289e-16
0.00663454
0.00545361
0.00545361
0.187682
0.00663454
0.00663454
0.187682
0.187682
0.00663454
0.0392096
0.0099394
0.0179832
0.00223502
0.0179832
0.0020894
0.187682
0.00591931
0.0181971
0.00155735
0.000385467
0.0352574
0.187682
0.187682
0.187682
0.000385467
0.000385467
0.187682
0.187682
0.187682
0.026319
0.0325066
0.187682
0.00953404
0.0026854
0.0343629
0.187682
0.0229598
0.0289366
0.0318877
0.187682
0.187682
0.000385467
0.000385467
0.000385467
0.0099394
0.187682
0.187682
0.0099394
0.0099394
0.187682
0.00883048
0.00314573
0.0051167
0.00238172
0.00365215
0.034341
0.00200185
0.0314908
0.187682
0.0325066
0.0325066
0.187682
0.187682
0.187682
0.187682
0.0026854
0.0026854
0.0026854
0.187682
0.00983694
0.00324754
0.0144603
0.00862515
0.00291363
0.00666346
0.0173989
0.00308877
0.0111616
0.034341
0.187682
0.00883048
0.187682
0.187682
0.187682
0.00314573
0.187682
0.187682
0.187682
0.187682
0.00324754
0.0727031
0.187682
0.187682
0.00681785
0.00554845
0.187682
0.000695309
0.00888108
0.0311271
0.187682
0.187682
0.187682
0.187682
0.187682
0.187682
0.00324754
0.00883048
0.187682
0.00324754
0.0354219
0.187682
0.0311271
0.187682
0.187682
3.77476e-15
0.00163333
0.187682
0.034341
0.187682
0.187682
0.0311271
0.187682
0.187682
0.187682
0.187682
0.0311271
0.187682
0.187682
0.187682
0.0771133
0.0180197
0.000270191
0.0311271
4.996e-16
0.00464602
0.0318877
0.0354219
0.00721991
0.0144448
0.0311271
0.0354219
0.187682
0.0311271
0.187682
0.187682
0.0354219
0.187682
0.187682
0.187682
0.0879799
0.007967
0.0386065
0.0195655
0.0286499
0.0181971
0.0130081
0.074969
0.0102238
0.0292377
0.187682
0.00464602
0.00464602
0.187682
0.187682
0.187682
0.187682
0.0311271
0.0311271
0.00464602
0.187682
0.0184804
0.00973585
0.000683896
0.0102238
0.187682
0.0144448
0.187682
0.00131022
0.0177319
0.187682
0.187682
0.187682
0.187682
0.0221509
0.0102238
0.187682
0.0102238
0.187682
0.0102238
0.082174
0.000577523
0.0388292
0.0292377
0.00973585
0.0386403
0.0745135
0.00973585
0.00555954
0.0051803
0.187682
0.0102238
0.187682
0.187682
0.187682
0.187682
0.0102238
0.0230691
0.187682
0.0177319
0.00804121
0.00591931
0.0116012
0.0346843
0.0128412
0.0193487
0.00135343
0.0582738
0.00122626
0.0765492
0.0102238
0.0177319
0.187682
0.0102238
0.0177319
0.187682
0.187682
0.00310742
0.187682
0.0728851
0.0583562
0.0355965
0.0562607
0.0106629
0.0583562
0.00521906
0.0146557
0.0260028
0.0136559
0.0244685
0.00804121
0.187682
0.187682
0.187682
0.00804121
0.187682
0.187682
0.187682
0.00804121
0.187682
0.0244685
0.187682
4.85723e-17
0.00614722
0.0106629
0.00519664
0.0154558
0.0231551
0.187682
0.00692635
0.0106629
0.187682
0.187682
0.0106629
0.00521906
0.0244685
0.187682
0.0106629
0.0244685
0.187682
0.0292377
0.0728271
0.00927213
0.00311658
0.0262508
0.0109882
0.00659705
5.60058e-05
0.0378998
0.00438051
0.187682
0.00614722
0.0106629
0.00614722
0.00614722
0.0106629
0.187682
0.0106629
0.187682
0.187682
0.0124831
0.00521906
0.0153902
0.000352012
0.00265593
0.0244685
0.00789461
0.023798
0.0132637
0.061991
0.187682
0.00614722
0.00614722
0.187682
0.187682
0.00614722
0.187682
0.0136841
0.187682
0.00614722
0.00234413
0.0159456
0.00655673
0.0198161
0.00461102
0.0159745
1.76175e-05
0.000736942
0.0317907
0.00904433
0.187682
0.00614722
0.187682
0.00614722
0.00265593
0.00614722
0.187682
0.00614722
0.00614722
0.187682
0.000994837
0.00257223
0.00461218
0.0257594
0.187682
0.00460991
0.0179864
0.0127912
0.00461219
0.187682
0.00461217
0.00461218
0.00461218
0.00461218
0.00461218
0.187682
0.187682
0.00461218
0.187682
0.00461217
0.00256653
0.0260711
0.0566686
0.00461218
0.0294173
0.0423291
0.00852544
0.187682
0.0142827
0.00663454
0.187682
0.187682
0.187682
0.00257223
0.00461102
0.187682
0.187682
0.187682
0.00461101
0.00257223
0.0312583
0.00363431
0.0012758
0.00501502
0.0386065
0.00737633
0.0164853
0.0223218
0.0271203
0.00520569
0.187682
0.187682
0.0260711
0.0260711
0.187682
0.00461218
0.00461218
0.187682
0.00461101
0.187682
0.00939333
0.0179832
0.00639256
0.0328944
0.0234225
0.000408458
0.00890779
0.00145492
0.00185757
0.00274003
0.0012758
0.187682
0.0164853
0.0164853
0.187682
0.019829
0.0164853
0.0164853
0.0012758
0.187682
0.0414527
0.0173989
0.187682
0.014944
0.00519664
0.044208
0.00187615
0.00178307
0.0245135
0.000418728
0.187682
6.10623e-16
0.00274003
0.187682
0.00274003
0.00274003
0.187682
0.187682
0.187682
0.187682
0.0022517
0.0171603
0.0151946
0.0116336
0.0209972
6.66134e-16
0.0246576
0.0237181
0.0116033
0.0288544
0.187682
0.187682
0.0173989
0.00178307
0.00178307
0.00178307
0.187682
0.187682
0.0173989
0.0173989
0.0728271
0.0365467
0.0106629
0.0142979
0.000597458
0.0274807
0.00161676
0.0399269
0.0765492
0.00617659
0.0171603
0.187682
0.00422403
0.187682
0.187682
0.0171603
0.0171603
0.187682
0.187682
0.187682
0.00396501
0.0196902
0.00422403
0.0136317
0.0100273
0.0205452
0.011311
0.0136317
0.0318877
0.187682
0.187682
0.187682
0.0171603
0.00422403
0.00422403
0.00422403
1.04113e-05
0.187682
0.0171603
0.187682
0.0102238
0.0136317
0.0173989
6.93889e-17
0.00235823
0.0136317
8.88178e-16
0.0218395
0.000736942
0.034838
0.0136317
0.187682
0.0136317
0.0136317
0
0.187682
0.187682
1.04113e-05
0.187682
0.187682
0.0728271
0.0274807
0.000736942
0.0159745
0.0179832
0.00591931
0.000736942
0.000736942
0.0236811
0.187682
0.187682
0.187682
0.187682
0.187682
0.105432
0.0315149
0.000736942
0.000736942
0.187682
0.000736942
0.0181971
0.00161676
0.00692635
0.00722802
0.0562607
0.0189128
0.00655253
0.000798086
0.0106629
0.0217391
0.00591931
0.187682
0.00591931
0.0236811
0.0236811
0.187682
0.187682
0.187682
0.187682
0.187682
0.0057329
0.0111616
0.00966549
0.00843605
0.0173989
0.0153455
0.0103341
0.00832287
0.051485
0.00078601
0.00161676
0.187682
0.00161676
0.187682
0.00655253
0.00655253
0.00655253
0.00655253
0.00655253
0.187682
0.00916116
0.0386065
0.00644422
0.0332849
0.0209954
0.014944
0.00142267
0.0566686
0.019401
0.0146557
0.187682
0.187682
0.187682
0.00655253
0.187682
0.187682
0.187682
0.187682
0.00655253
0.187682
0.00321411
0.00721271
0.0374317
0.00634009
0.0447739
0.00506497
0.0109063
0.0204655
0.0728271
0.00519664
0.0209954
0.00916116
0.072655
0.00655253
0.0264564
0.187682
0.187682
0.187682
0.187682
0.00916116
0.0135064
0.0091991
0.00493827
0.00370446
0.0281828
0.0135064
0.00692635
0.00265593
0.0181444
0.00427947
0.00506497
0.00655253
0.187682
0.187682
0.00655253
0.00655253
0.187682
0.00655253
0.187682
0.00655253
0.00364123
0.00276144
0.00979147
0.0454964
0.0146666
0.010199
0.0465843
0.0026706
0.0107412
0.014944
0.187682
0.00506497
0.187682
0.00506497
0.187682
0.00506497
0.187682
0.187682
0.187682
0.00506497
0.0275386
0.0125648
0.0205495
0.0140172
0.039691
0.0051803
0.0724217
0.00694568
0.00979147
0.187682
0.187682
0.00979147
0.00039054
0.00979147
0.00675412
0.00979147
0.00979147
0.00413076
0.187682
0.00927394
0.0193487
0.0117503
0.00336648
0.0728271
0.00678629
0.0294173
0.0626188
0.0427709
0.00840339
0.0167316
0.00979147
0.187682
0.00979147
0.00979147
0.187682
0.187682
0.187682
0.187682
0.00979147
0.000104871
0.0113305
0.00634009
0.0153563
0.000488199
0.0119511
0.00740298
0.00520569
0.00250773
7.84677e-05
0.00265593
0.00979147
0.00840339
0.049569
0.187682
0.00979147
0.0102651
0.00979147
0.00979147
0.00840339
0.187682
0.187682
0.00810556
0.0260711
0.044208
0.00519664
0.0236811
0.00339499
0.187682
0.0278148
0.0274807
0.187682
0.187682
0.187682
0.187682
0.187682
0.187682
0.187682
0.187682
0.187682
0.187682
0.0330639
5.55112e-17
0.0111616
0.0340073
0.00301678
0.0189711
0.0771133
0.0510056
0.117496
0.0318877
0.044208
0.187682
0.00810556
0.00968787
0.044208
0.00810556
0.187682
0.187682
0.187682
0.187682
0.0285177
0.00983694
0.00234413
0.0526077
0.0111616
0.117496
0.0728271
0.0084012
5.60058e-05
0.0282844
0.00810556
0.187682
0.187682
0.0330639
0.187682
0.187682
0.187682
0.187682
0.00866444
0.187682
0
0.0028426
1.66533e-16
0.0104327
2.55351e-15
0.117496
0.0605181
0.00637878
0.00121209
0.0510056
0.187682
0.0285177
0.0257563
0.00866444
0.00866444
0.187682
0.187682
0.187682
0.187682
0.187682
0.0299052
0.00388291
1.94289e-16
2.22045e-16
1.66533e-16
9.99201e-16
1.22125e-15
0.00501704
0.0242285
0.0280712
0.00866444
0.00866444
1.66533e-16
0.00866444
0.0274807
0.00866444
8.32667e-16
0.187682
0.187682
0.00866444
0.0028426
0.00302858
0.036822
0.187682
0.0130141
0.00904433
0.187682
0.0582425
0.0104327
0.00554845
0.187682
0.187682
0.187682
0.187682
0.187682
0.187682
0.187682
0.187682
0.187682
0.187682
0.024975
0.0245135
0.0544539
0.014944
0.00591931
0.0386065
0.0179832
0.0159783
0.0168299
0.0318877
0.187682
0.187682
0.187682
0.187682
0.00554845
0.187682
0.187682
0.00554845
0.0582425
0.187682
0.00137206
0.00692635
0.00387056
0.0207147
0.0313496
0.187682
0.00554845
0.024975
0.0168299
0.00265593
0.024975
0.187682
0.0168299
0.024975
0.187682
0.024975
0.024975
0.0168299
0.00554845
0.187682
0.00521906
0.0307493
0.0230696
0.00339499
0.00552996
0.044208
0.0674124
0.0674124
0.0664702
0.0260711
0.0168299
0.187682
0.187682
0.0168299
0.0168299
0.00229731
0.187682
0.187682
0.0168299
0.187682
0.187682
0.0230696
0.000636833
0.00852425
0.0230696
0.187682
0.0247282
0.00104371
0.0166407
0.00328315
0.0230696
0.0017159
0.187682
0.0230696
0.00521906
0.00521906
0.187682
0.0478942
0.000961319
0.187682
0.0207577
0.187682
0.0386065
0.0510734
0.00488776
0.0285818
0.0102175
0.0394771
0.00931439
0.187682
0.0166407
0.187682
0.187682
0.0166407
0.0166407
0.000636833
0.0700523
0.0821195
0.0166407
0.0166407
0.187682
0.00873834
0.0771133
0.0318877
0.0285818
0.0314501
0.0285818
8.02996e-05
0.0285818
0.00675585
0.0285818
0.187682
0.0285818
0.0285818
0.187682
0.0389681
0.0251082
0.187682
0.187682
0.0285818
0.0771133
0.00677186
0.0234939
0.0197207
0.00890779
0.0141238
0.0583251
0.00185757
0.0147284
0.0318877
0.187682
0.187682
0.0285818
0.0285818
0.0285818
0.00821458
0.0285818
0.00873834
0.187682
0.187682
0.0142592
0.0490582
0.0193487
0.0447008
0.000487724
0.0548933
0.00728116
0.0234939
0.0234939
0.0292377
0.187682
0.0234939
0.187682
0.00185757
0.0234939
0.0483324
0.0234939
0.00185757
0.0234939
0.187682
0.00499013
0.00890779
0.000994837
3.33067e-16
0.0260711
0.026114
0.0428368
0.00105059
0.187682
0.187682
0.187682
0.187682
0.0234939
0.187682
0.0234939
0.0234939
0.187682
0.0234939
0.187682
0.187682
0.000208896
0.187682
0.0234939
0.0512317
0.0334586
0.0012937
3.88578e-16
0.023912
0.0373415
0.0386065
0.0234939
0.0260711
0.187682
0.0234939
0.0234939
0.187682
0.0260711
0.187682
0.0260711
0.0260711
0.00026659
0.00213907
0.187682
0.0511583
0.023912
0.00451025
0.0386065
0.187682
0.187682
0.00637983
0.023912
0.187682
0.187682
0.000197734
0.023912
0.023912
0.187682
0.187682
0.023912
0.187682
0.0214957
0.0215447
0.0157728
0.0664702
0.000366719
0.0106891
0.0511583
0.0664702
0.0511583
0.0160762
0.0511583
0.187682
0.0316919
0.00715914
0.187682
0.023912
0.187682
0.023912
0.187682
0.187682
0.0319526
0.0228876
0.00962036
0.0605181
0.0260711
7.77156e-16
0.00220425
0.0111616
0.0179179
0.00121209
0.0210771
0.187682
0.187682
0.187682
0.187682
0.187682
0.187682
0.187682
0.187682
0.0106891
0.00131022
0.0596651
0.000597458
0.0278861
0.000564747
0.0334197
0.045721
0.00992162
0.0201897
0.00979147
0.00220424
0.00743037
0.0106891
0.0106891
0.187682
0.00220425
0.0106891
0.187682
0.187682
0.0210771
0.0757983
0.00131022
0.0454964
0.0299052
0.00131022
0.00131022
0.014944
0.00904433
0.00235823
0.187682
0.187682
0.0062666
0.187682
0.00131022
0.187682
0.187682
0.187682
0.00131022
0.00131022
0.00131022
0.0765492
0.00331481
0.0147919
0.187682
0.00904433
0.00663454
0.0323036
0.0431685
5.60058e-05
0.00519664
0.00904433
0.187682
0.00904433
0.0416478
0.00904433
0.187682
0.0539708
0.00131022
0.187682
0.00904433
0.0105301
0.00871101
0.0292377
0.074832
0.0388292
0.00768275
0.034341
0.0247296
0.00768275
0.0388292
0.00904433
0.00904433
0.187682
0.00131022
0.0615245
0.187682
0.00904433
0.187682
0.187682
0.00904433
0.00904433
0.044208
0.0369136
0.00904433
0.00519664
0.00409457
0.0170929
0.00768275
0.00768275
0.0117402
0.00904433
0.00904433
0.187682
0.187682
0.00904433
0.00904433
0.187682
0.187682
0.00904433
0.00904433
0.0034171
0.00324754
0.00779378
0.00265593
0.0323036
0.00151914
0.0727031
0.000911943
0.0292377
0.0260711
0.00904433
0.187682
0.0544793
0.187682
0.187682
0.187682
0.00904433
0.187682
0.00904433
0.00904433
0.00166518
0.0184805
0.00324754
0.00827917
0.00973585
0.0245135
0.0386065
0.0600724
0.00790964
0.0379127
0.187682
0.00904433
0.00324754
0.00324754
0.187682
0.00904433
0.0337985
0.187682
0.187682
0.187682
0.0185111
0.0612647
0.0144448
0.000589471
0.0457338
0.0186651
0.00692635
0.0717326
0.0137921
0.00890779
0.187682
0.00324754
0.187682
0.187682
0.187682
0.00827917
0.00827917
0.00827917
0.00827917
0.00324754
0.0390714
0.014944
0.00827917
0.00827917
0.0930318
0.00391763
0.024975
0.0917217
0.0179971
0.00220424
0.187682
0.187682
0.0455515
0.00827917
0.187682
0.187682
0.0108893
0.187682
0.00827917
0.00827917
0.0210293
0.0377078
0.0454964
0.0260711
0.0136302
0.0342309
0.00464963
0.0930436
0.0403755
0.00145757
0.187682
0.00827917
0.187682
0.187682
0.00827917
0.014944
0.014944
0.014944
0.014944
0.00827917
0.0324415
0.0510056
0.00902514
0.043752
0.0111616
0.0160402
0.00363431
0.00554845
0.0488245
0.0184805
0.187682
0.014944
0.187682
0.014944
0.014944
0.187682
0.014944
0.014944
0.014944
0.187682
0.0028426
0.0765492
0.187682
0.0162377
0.00762449
0.00901485
0.00831825
0.187682
0.020301
0.00617659
0.187682
0.014944
0.014944
0.00363431
0.014944
0.014944
0.187682
0.187682
0.187682
0.187682
0.00363431
0.00331481
0.000172423
0.002003
0.00644422
0.0173989
0.00238992
0.0111502
0.0359382
0.00852544
0.0113141
0.187682
0.020301
0.187682
0.00617659
0.00617659
0.187682
0.020301
0.020301
0.187682
0.00339499
0.187682
0.0605181
0.00617659
0.0427709
0.0260711
0.00840339
0.0728271
0.00121209
0.00127815
0.187682
0.187682
0.187682
0.187682
0.187682
0.187682
0.187682
0.187682
0.187682
0.00617659
0.0126006
0.034341
0.00380032
0.0116033
0.0211516
0.0954237
0.0254871
0.0242012
3.33067e-16
0.00163333
0.00616817
0.0260711
0.0728271
0.0058945
0.0260711
0.0728271
0.0728271
0.0725762
0.187682
0.187682
0.0738676
0.132296
0.0299052
0.00890779
0.0348686
0.00433334
0.0566686
0.00521906
0.00380032
0.00852544
0.187682
0.187682
0.187682
0.0058945
0.187682
0.0058945
0.187682
0.0058945
0.0058945
0.0058945
0.0058945
0.0058945
0.0058945
0.00890779
0.0305495
0.0058945
0.187682
0.00890779
0.0112384
0.187682
0.0058945
0.0058945
0.0260195
0.00890779
0.0058945
0.0131752
0.0058945
0.00890779
0.187682
0.187682
0.00275669
0.0745135
0.0301435
0.0260711
0.0318877
0.00973585
0.000167611
4.996e-16
0.0400882
0.0771133
0.187682
0.0058945
0.187682
0.187682
0.0058945
0.187682
0.187682
0.0058945
0.187682
0.187682
0.0252425
0.00576728
0.0104327
0.00202025
0.00648105
0.0260711
0.00324754
2.22045e-16
0.0473073
0.187682
5.55112e-16
0.0058945
0.0260711
2.22045e-16
0.0260711
0.187682
0.0260711
0.187682
0.0058945
0.0058945
0.0155052
0.00301678
0.0260711
0.0745135
0.00984595
0.036389
0.00804121
0.00454964
0.0111616
0.0154558
0.00324754
0.187682
0.187682
0.187682
0.187682
0.00324754
0.187682
0.00324754
0.00858906
0.00324754
0.00490781
0.0291336
0.0681418
0.0191016
0.0233616
0.00572987
0.00185757
0.00945466
0.0130141
0.0318877
0.0702297
0.00324754
0.00858906
0.00858906
0.187682
0.00324754
0.00324754
0.187682
0.187682
0.187682