0
0.0672793
0.0720754
0.0818102
0.0818102
0.0818102
0.0818102
0.0818102
0.0884046
0.107168
0.107168
0.107168
0.107168
0.107168
0.107168
0.107168
0.107168
0.107168
0.107168
0.111475
0.111475
0.111475
0.111475
0.111475
0.111475
0.111475
0.111475
0.111475
0.111475
0.111475
0.111475
0.111475
0.111475
0.111475
0.111475
0.111475
0.111475
0.111475
0.111475
0.111475
0.111475
0.111475
0.111475
0.111475
0.111475
0.111475
0.111475
0.111475
0.117909
0.117909
0.117909
0.117909
0.117909
0.117909
0.117909
0.117909
0.117909
0.117909
0.117909
0.117909
0.117909
0.117909
0.117909
0.117909
0.117909
0.117909
0.117909
0.117909
0.117909
0.117909
0.117909
0.117909
0.117909
0.117909
0.117909
0.117909
0.117909
0.117909
0.117909
0.117909
0.117909
0.117909
0.117909
0.117909
0.117909
0.117909
0.117909
0.117909
0.117909
0.117909
0.117909
0.117909
0.117909
0.117909
0.117909
0.117909
0.117909
0.117909
0.117909
0.117909
0.117909
0.117909
0.117909
0.117909
0.117909
0.117909
0.117909
0.117909
0.117909
0.117909
0.117909
0.117909
0.117909
0.117909
0.117909
0.117909
0.117909
0.117909
0.117909
0.117909
0.117909
0.117909
0.117909
0.117909
0.117909
0.117909
0.117909
0.117909
0.117909
0.117909
0.117909
0.117909
0.137283
0.137283
0.137283
0.137283
0.137283
0.137283
0.137283
0.137283
0.137283
0.137283
0.137283
0.137283
0.137283
0.137283
0.137283
0.137283
0.137283
0.137283
0.137283
0.137283
0.137283
0.137283
0.137283
0.137283
0.137283
0.137283
0.137283
0.137283
0.137283
0.137283
0.137283
0.137283
0.137283
0.137283
0.137283
0.137283
0.137283
0.137283
0.137283
0.137283
0.137283
0.137283
0.137283
0.137283
0.137283
0.137283
0.137283
0.137283
0.137283
0.137283
0.137283
0.137283
0.137283
0.137283
0.137283
0.137283
0.137283
0.137283
0.137283
0.137283
0.137283
0.137283
0.137283
0.137283
0.137283
0.137283
0.137283
0.137283
0.137283
0.137283
0.137283
0.137283
0.137283
0.137283
0.137283
0.137283
0.137283
0.137283
0.137283
0.137283
0.137283
0.137283
0.137283
0.137283
0.137283
0.137283
0.137283
0.137283
0.137283
0.137283
0.137283
0.137283
0.137283
0.137283
0.137283
0.156443
0.156443
0.156443
0.156443
0.156443
0.156443
0.156443
0.156443
0.156443
0.156443
0.156443
0.156443
0.156443
0.156443
0.156443
0.156443
0.156443
0.156443
0.156443
0.156443
0.156443
0.156443
0.156443
0.156443
0.156443
0.156443
0.156443
0.156443
0.156443
0.156443
0.156443
0.156443
0.156443
0.156443
0.156443
0.156443
0.156443
0.156443
0.156443
0.156443
0.156443
0.156443
0.156443
0.156443
0.156443
0.156443
0.156443
0.156443
0.156443
0.156443
0.156443
0.156443
0.156443
0.156443
0.156443
0.156443
0.156443
0.156443
0.156443
0.156443
0.156443
0.156443
0.156443
0.156443
0.156443
0.156443
0.156443
0.156443
0.156443
0.156443
0.156443
0.156443
0.156443
0.156443
0.156443
0.156443
0.156443
0.156443
0.156443
0.156443
0.156443
0.156443
0.156443
0.156443
0.156443
0.156443
0.156443
0.156443
0.156443
0.156443
0.156443
0.156443
0.156443
0.156443
0.156443
0.156443
0.156443
0.156443
0.156443
0.156443
0.156443
0.156443
0.156443
0.156443
0.156443
0.156443
0.156443
0.156443
0.156443
0.156443
0.156443
0.156443
0.156443
0.156443
0.156443
0.156443
0.156443
0.156443
0.156443
0.156443
0.156443
0.156443
0.156443
0.156443
0.156443
0.156443
0.156443
0.156443
0.156443
0.156443
0.156443
0.156443
0.156443
0.156443
0.156443
0.156443
0.156443
0.156443
0.156443
0.156443
0.156443
0.156443
0.156443
0.156443
0.156443
0.156443
0.156443
0.156443
0.156443
0.156443
0.156443
0.156443
0.16468
0.16468
0.16468
0.16468
0.16468
0.16468
0.16468
0.16468
0.16468
0.16468
0.16468
0.16468
0.16468
0.16468
0.16468
0.16468
0.16468
0.16468
0.16468
0.16468
0.16468
0.16468
0.16468
0.16468
0.16468
0.16468
0.16468
0.16468
0.16468
0.16468
0.16468
0.16468
0.16468
0.16468
0.16468
0.16468
0.16468
0.16468
0.16468
0.16468
0.16468
0.16468
0.16468
0.16468
0.16468
0.16468
0.16468
0.16468
0.16468
0.16468
0.176739
0.176739
0.176739
0.176739
0.176739
0.176739
0.176739
0.176739
0.176739
0.176739
0.176739
0.176739
0.176739
0.176739
0.176739
0.176739
0.176739
0.176739
0.176739
0.176739
0.176739
0.176739
0.176739
0.176739
0.176739
0.176739
0.176739
0.176739
0.176739
0.176739
0.176739
0.176739
0.176739
0.176739
0.176739
0.176739
0.176739
0.176739
0.176739
0.176739
0.176739
0.176739
0.176739
0.176739
0.176739
0.176739
0.176739
0.176739
0.176739
0.176739
0.176739
0.176739
0.176739
0.176739
0.176739
0.176739
0.176739
0.176739
0.176739
0.176739
0.176739
0.176739
0.176739
0.176739
0.176739
0.176739
0.176739
0.176739
0.176739
0.176739
0.176739