0
0.0562733
0.0562733
0.0831116
0.0831116
0.0893492
0.0893492
0.0893492
0.0893492
0.0905044
0.0905044
0.0905044
0.0905044
0.0905044
0.0905044
0.0905044
0.0905044
0.0905044
0.0905044
0.0905044
0.0905044
0.0905044
0.0950491
0.0950491
0.0950491
0.0950491
0.0950491
0.108567
0.108567
0.108567
0.108567
0.108567
0.108567
0.108567
0.108567
0.108567
0.108567
0.108567
0.108567
0.108567
0.108567
0.108567
0.108567
0.108567
0.108567
0.108567
0.108567
0.108567
0.108567
0.108567
0.108567
0.108567
0.108567
0.108567
0.108567
0.108567
0.108567
0.108567
0.108567
0.108567
0.108567
0.113629
0.113629
0.113629
0.113629
0.113629
0.113629
0.113629
0.113629
0.114115
0.114115
0.114115
0.114115
0.114115
0.114115
0.114115
0.114115
0.114115
0.114115
0.114115
0.114115
0.114115
0.114115
0.114115
0.114115
0.114115
0.114115
0.114115
0.114115
0.114115
0.114115
0.114115
0.114115
0.114115
0.114115
0.114115
0.114115
0.114115
0.114115
0.114115
0.114115
0.114115
0.114115
0.114115
0.114115
0.114115
0.114115
0.114115
0.114115
0.114115
0.114115
0.114115
0.114115
0.114115
0.114115
0.114115
0.114115
0.114115
0.114115
0.114115
0.114115
0.114115
0.114115
0.114115
0.114115
0.114115
0.114115
0.114115
0.114115
0.114115
0.114115
0.114115
0.114115
0.114115
0.13291
0.13291
0.13291
0.13291
0.13291
0.13291
0.13291
0.13291
0.13291
0.13291
0.13291
0.13291
0.13291
0.13291
0.13291
0.13291
0.13291
0.13291
0.13291
0.13291
0.13291
0.13291
0.13291
0.13291
0.13291
0.13291
0.13291
0.13291
0.13291
0.13291
0.13291
0.13291
0.13291
0.13291
0.13291
0.13291
0.13291
0.13291
0.13291
0.13291
0.13291
0.13291
0.13291
0.13291
0.13291
0.13291
0.13291
0.13291
0.13291
0.13291
0.13291
0.13291
0.13291
0.13291
0.13291
0.13291
0.144764
0.144764
0.144764
0.144764
0.144764
0.144764
0.144764
0.144764
0.144764
0.144764
0.144764
0.144764
0.144764
0.144764
0.144764
0.144764
0.144764
0.144764
0.144764
0.144764
0.167068
0.167068
0.167068
0.167068
0.167068
0.167068
0.167068
0.167068
0.167068
0.167068
0.167068
0.167068
0.167068
0.167068
0.167068
0.167068
0.167068
0.167068
0.167068
0.167068
0.167068
0.167068
0.167068
0.167068
0.167068
0.167068
0.167068
0.167068
0.16974
0.16974
0.16974
0.16974
0.16974
0.16974
0.16974
0.16974
0.16974
0.16974
0.16974
0.16974
0.16974
0.16974
0.16974
0.16974
0.16974
0.16974
0.16974
0.16974
0.16974
0.16974
0.16974
0.16974
0.16974
0.16974
0.16974
0.16974
0.16974
0.16974
0.16974
0.16974
0.16974
0.16974
0.16974
0.16974
0.16974
0.16974
0.16974
0.16974
0.16974
0.16974
0.16974
0.16974
0.16974
0.16974
0.16974
0.16974
0.16974
0.16974
0.16974
0.16974
0.16974
0.16974
0.16974
0.16974
0.16974
0.16974
0.16974
0.16974
0.16974
0.16974
0.16974
0.16974
0.16974
0.16974
0.16974
0.16974
0.16974
0.16974
0.16974
0.16974
0.16974
0.16974
0.16974
0.16974
0.16974
0.16974
0.16974
0.16974
0.16974
0.16974
0.16974
0.16974
0.16974
0.16974
0.16974
0.16974
0.16974
0.16974
0.16974
0.16974
0.16974
0.16974
0.16974
0.16974
0.16974
0.16974
0.16974
0.16974
0.16974
0.16974
0.16974
0.16974
0.16974
0.16974
0.16974
0.16974
0.16974
0.16974
0.16974
0.16974
0.16974
0.16974
0.16974
0.16974
0.16974
0.16974
0.16974
0.16974
0.16974
0.16974
0.16974
0.16974
0.16974
0.16974
0.16974
0.16974
0.16974
0.16974
0.16974
0.16974
0.16974
0.16974
0.16974
0.16974
0.16974
0.16974
0.16974
0.16974
0.16974
0.16974
0.16974
0.16974
0.16974
0.16974
0.16974
0.16974
0.16974
0.16974
0.16974
0.16974
0.16974
0.16974
0.16974
0.16974
0.16974
0.16974
0.16974
0.16974
0.16974
0.16974
0.16974
0.16974
0.16974
0.16974
0.16974
0.16974
0.16974
0.16974
0.16974
0.16974
0.16974
0.16974
0.16974
0.16974
0.16974
0.16974
0.16974
0.16974
0.16974
0.16974
0.16974
0.16974
0.16974
0.16974
0.16974
0.16974
0.16974
0.16974
0.16974
0.16974
0.16974
0.16974
0.16974
0.16974
0.16974
0.16974
0.16974
0.16974
0.16974
0.16974
0.188354
0.188354
0.188354
0.188354
0.188354
0.188354
0.188354
0.188354
0.188354
0.188354
0.188354
0.188354
0.188354
0.188354
0.188354
0.188354
0.188354
0.188354
0.188354
0.188354
0.188354
0.188354
0.188354
0.188354
0.188354
0.188354
0.188354
0.188354
0.188354
0.188354
0.188354
0.188354
0.188354
0.188354
0.188354
0.188354
0.188354
0.188354
0.188354
0.188354
0.188354
0.188354
0.188354
0.188354
0.188354
0.188354
0.188354
0.188354
0.188354
0.188354
0.188354
0.188354
0.188354
0.188354
0.188354
0.188354
0.188354
0.188354
0.188354
0.188354