0.00724035
0.00942472
0.0125837
0.0492447
0.0181402
0.0235426
0.0151547
0.00774191
0.0033725
0.069592
0.0130811
0.0199549
0.019672
0.0913992
0.0267833
0.0214731
0.0791092
0.0088369
0.0408708
0.0466202
0.0348155
0.00598658
0.0377366
0.0464637
0.0448243
0.0227797
0.0145093
0.0286082
0.0392843
0.0104168
0.0323908
0.0379168
0.0321729
0.0107064
0.0482236
0.00140095
0.0135036
0.00420812
0.0222631
0.0442106
0.0954235
0.00545106
0.0251603
0.112988
0.00108674
0.00962912
0.0641315
0.0163999
0.00463136
0.0449142
0.0119893
0.0257177
0.0202105
0.0842797
0.0415274
0.00903078
0.112328
0.0381115
0.0141357
0.0313177
0.0326393
0.022798
0.0461334
0.0275104
0.0204692
0.0282721
0.024696
0.0377507
0.122912
0.0536514
0.0458333
0.0632882
0.0488366
0.0128906
0.0302785
0.0270769
0.00236726
0.0239991
0.0329424
0.0198514
0.0687433
0.102936
0.0317346
0.0452296
0.00890433
0.0572283
0.0166031
0.0323537
0.0489746
0.0342409
0.00287932
0.0221392
0.0259408
0.118824
0.00855444
0.075173
0.0698259
0.0358115
0.0212161
0.0208398
0.0284297
0.101017
0.027039
0.0207905
0.109976
0.0693352
0.0158858
0.011134
0.0921504
0.0359944
0.0463907
0.101484
0.0790894
0.0381712
0.0770405
0.0823954
0.00284424
0.0601505
0.00072048
0.09253
0.0116309
0.0366804
0.0342139
0.0745783
0.0320869
0.00222721
0.0183304
0.0228614
0.0202886
0.000453392
0.00865164
0.0342497
0.0608344
0.0635389
0.0291365
0.027414
0.0268398
0.0347468
0.00752912
0.0511606
0.0321226
0.00104792
0.0574188
0.00843751
0.0322473
0.0696381
0.00830394
0.0713518
0.0146744
0.0456389
0.0268671
0.0545521
0.0257885
0.0924302
0.0656616
0.0985081
0.0301065
0.0351848
0.0774103
0.00426519
0.0102315
0.00154284
0.04717
0.0639987
0.0573828
0.0615146
0.0558789
0.0503084
0.0275076
0.0913035
0.102595
0.0143072
0.0494494
0.0807734
0.072359
0.0729498
0.0175437
0.029415
0.030148
0.0432088
0.0576205
0.0464431
0.0119695
0.056714
0.103171
0.0579251
0.008472
0.0215044
0.0901435
0.066325
0.00367099
0.0150658
0.0276184
0.13278
0.0143257
0.0319744
0.0322117
0.0150756
0.015878
0.0430348
0.0878729
0.105878
0.061559
0.10575
0.0939274
0.0783924
0.11019
0.0206727
0.0738294
0.0749211
0.0638863
0.0262355
0.100979
0.0243082
0.0648077
0.0880498
0.0258167
0.0271404
0.00295078
0.0738762
0.0424959
0.0383495
0.0120431
0.00681416
0.0942938
0.0616095
0.0492246
0.0395914
0.0469949
0.0684602
0.00880461
0.0166331
0.00271193
0.0481381
0.0422172
0.0418962
0.0174575
0.0786111
0.010732
0.0160094
0.060211
0.0033045
0.0308898
0.0271865
0.0287958
0.0202628
0.0161748
0.059494
0.0260523
0.0521838
0.100986
0.0679925
0.0848001
0.0210421
0.0668259
0.00497173
0.0750581
0.0603535
0.0871988
0.0418706
0.0256143
0.0623331
0.0702871
0.046436
0.00892194
0.0596786
0.065709
0.0737974
0.0697103
0.0469442
0.0802249
0.0935469
0.0550124
0.0972981
0.0759261
0.0285241
0.0937306
0.0931813
0.0418485
0.170059
0.0406021
0.0693481
0.0689241
0.0133639
0.0029664
0.0235193
0.0677105
0.00766416
0.0585813
0.0829991
0.0349121
0.0509774
0.0479713
0.0491068
0.0995532
0.0179231
0.0772223
0.0700105
0.057474
0.0298661
0.121488
0.180632
0.0989684
0.0898817
0.0366849
0.0726877
0.0631653
0.0493754
0.10374
0.083164
0.0287143
0.0732831
0.104253
0.0351706
0.0555472
0.121201
0.0820412
0.0449086
0.0925181
0.0169195
0.0326969
0.0716884
0.00348101
0.103032
0.107944
0.0456699
0.00742711
0.0478235
0.0151241
0.0610897
0.0590965
0.0598367
0.0924226
0.0295494
0.0604007
0.00228327
0.0150413
0.0794597
0.0319584
0.00373078
0.0247526
0.0801306
0.0252663
0.0253435
0.0477159
0.0426087
0.0230271
0.0546278
0.0370172
0.0594336
0.00233342
0.046306
0.106748
0.0700854
0.0324159
0.0788042
0.067382
0.0204373
0.0520886
0.0692241
0.0095299
0.04794
0.0740618
0.0753193
0.00653149
0.0968989
0.0637283
0.0706174
0.0866841
0.0577669
0.051593
0.00938374
0.0464757
0.0149193
0.0909551
0.00616284
0.0111114
0.112214
0.0329613
0.0164272
0.00719477
0.119353
0.0658693
0.0249101
0.0194293
0.0209119
0.0178339
0.00960455
0.0763097
0.0444594
0.0288931
0.0564605
0.0940472
0.116835
0.0799098
0.00431356
0.0656822
0.0504493
0.0275122
0.0852776
0.132996
0.122875
0.0014602
0.0213071
0.103244
0.0514713
0.020294
0.0771071
0.0163961
0.00748312
0.104251
0.0881597
0.110872
0.0763573
0.103282
0.064301
0.000285557
0.00570537
0.00952212
0.0778529
0.0343458
0.0180402
0.0613044
0.0174328
0.0969081
0.0111351
0.0505765
0.0809228
0.0206147
0.0676785
0.0174622
0.128559
0.0277484
0.0494661
0.0671126
0.069027
0.0303078
0.0548622
0.0288677
0.0631654
0.0165897
0.0459154
0.0348964
0.0866475
0.0602104
0.0892902
0.0292479
0.0488777
0.00358515
0.0431893
0.1188
0.103756
0.000374536
0.055411
0.159821
0.059609
0.0907785
0.0558807
0.115569
0.0623711
0.0176552
0.0307489
0.084388
0.0299918
0.0801713
0.00335536
0.017287
0.0758072
0.0618664
0.0870963
0.0293002
0.0226079
0.138225
0.036733
0.0359935
0.100446
0.0707101
0.0760905
0.0371247
0.0877341
0.0962846
0.0884799
0.0248701
0.0162275
0.066319
0.0207478
0.111585
0.0710862
0.0412534
0.083124
0.0816019
0.0572394
0.0897464
0.0281805
0.0787804
0.0342342
0.0731422
0.0393249
0.00746209
0.0988939
0.175884
0.158235
0.117009
0.0235474
0.0727415
0.0866014
0.0885654
0.0616725
0.111447
0.0961005
0.0932747
0.0976625
0.108329
0.0625399
0.0407179
0.0958397
0.0845021
0.0778461
0.0254031
0.0946339
0.0529152
0.110823
0.0768274
0.00656589
0.0240868
0.0455057
0.0460177
0.00116168
0.0648076
0.0251182
0.0705514
0.0633121
0.130505
0.0877523
0.0748281
0.00710243
0.0259723
0.013039
0.0567039
0.0370571
0.00354218
0.0424022
0.0335143
0.0243399
0.00852159
0.07292
0.0349511
0.0480759
0.042391
0.0882183
0.0615629
0.139692
0.0700365
0.059537
0.0392594
0.0878886
0.0356865
0.0947782
0.0892644
0.0379133
0.0101837
0.0287721
0.0562733
0.0375195
0.061818
0.0199032
0.0244034
0.0354726
0.0829287
0.0646949
0.0112238
0.101411
0.109752
0.118425
0.0867355
0.0421902
0.0871094
0.107921
0.151606
0.0502531
0.0750957
0.034654
0.0745521
0.119336
0.062603
0.104107
0.0508021
0.00169895
0.0587886
0.0740953
0.0114365
0.10037
0.0500899
0.0388178
0.089467
0.0995304
0.0715976
0.0808942
0.0477207
0.11635
0.0570153
0.0859488
0.0033695
0.0134446
0.0930964
0.0312754
0.118321
0.0466861
0.131344
0.117972
0.0920953
0.10864
0.00325365
0.0986449
0.0546058
0.0939374
0.083561
0.0879843
0.0919815
0.011962
0.0822092
0.00488728
0.0275206
0.0180629
0.159876
0.0859566
0.0782419
0.00150001
0.108097
0.0578888
0.0507666
0.0277089
0.0912418
0.109902
0.000227868
0.0659447
0.0790228
0.0606686
0.110103
0.102145
0.0728868
0.0885511
0.107905
0.0285945
0.0255768
0.0807037
0.03108
0.0315894
0.0407191
0.00125184
0.0909752
0.121443
0.065735
0.0928575
0.0712178
0.0838239
0.100718
0.0603701
0.0966929
0.0664363
0.164402
0.0390625
0.0551361
0.0626489
0.109081
0.0624869
0.0465411
0.0400921
0.0717036
0.0667101
0.0857864
0.0213745
0.0965797
0.100918
0.0732526
0.0555498
0.0670156
0.0406849
0.00360868
0.0291273
0.042937
0.0954188
0.031256
0.109948
0.0624867
0.0741554
0.0688998
0.0746878
0.0568586
0.101474
0.0248685
0.0713848
0.0506797
0.136364
0.171623
0.116389
0.0933881
0.103596
0.0230331
0.00794476
0.135552
0.169731
0.0837301
0.0782607
0.0132917
0.0819574
0.0825142
0.156465
0.0891327
0.0712633
0.0779054
0.101543
0.0496663
0.0244002
0.00061395
0.0740091
0.0606328
0.0302709
0.101749
0.0865505
0.0760855
0.0215046
0.0819991
0.091547
0.0263398
0.0548543
0.109347
0.0406629
0.0201181
0.0932711
0.0936617
0.00223277
0.0790323
0.057551
0.077427
0.0873338
0.00908289
0.100917
0.0545828
0.0589884
0.0586333
0.0619224
0.0645222
0.0504209
0.0553234
0.102908
0.0776436
0.060968
0.0149296
0.0870996
0.154735
0.0922662
0.102143
0.0779377
0.0659174
0.101069
0.174136
0.125079
0.0881431
0.097809
0.0543427
0.0933903
0.087932
0.0943669
0.0619862
0.0894025
0.0290184
0.00786391
0.0940747
0.100779
0.17393
0.0655558
0.0808915
0.0741271
0.0825948
0.0889952
0.0638823
0.060049
0.0126221
0.0905629
0.0744723
0.0862701
0.0841719
0.0959068
0.08195
0.110021
0.0634297
0.0191178
0.0762537
0.117722
0.112868
0.102816
0.0173701
0.093449
0.047622
0.0105365
0.0802178
0.0758734
0.0980839
0.0849178
0.143726
0.15014
0.175625
0.174855
0.117043
0.167946
0.033972
0.0868955
0.0614398
0.10232
0.0179265
0.012099
0.0991539
0.0827814
0.0575781
0.086574
0.0212851
0.0133426
0.0787501
0.0927215
0.0448888
0.110219
0.115436
0.0600489
0.132625
0.0870017
0.117159
0.154853
0.137982
0.0575202
0.0278544
0.0478854
0.0318379
0.0560788
0.118194
0.11411
0.0014037
0.0742697
0.0755008
0.0247777
0.0597091
0.0835029
0.0299419
0.136485
0.0624536
0.0396554
0.0346335
0.0639806
0.0225631
0.0665204
0.01116
0.107809
0.108361
0.104894
0.0654941
0.104413
0.0695523
0.0999743
0.10036
0.136789
0.192861
0.0840198
0.0997349
0.0839587
0.112824
0.00548146
0.0776574
0.0881974
0.0134512
0.0592548
0.0182276
0.124844
0.156214
0.032813
0.0896963
0.00599953
0.0806662
0.0903784
0.101575
0.0972203
0.090369
0.00985443
0.165429
0.0545271
0.0798167
0.0751904
0.0719747
0.0788142
0.0899119
0.109498
0.116673
0.0946254
0.0531731
0.0149075
0.1085
0.0222588
0.079881
0.0395745
0.0911051
0.0739463
0.079156
0.160691
0.0910124
0.143128
0.151047
0.0950139
0.00148375
0.0240346
0.0776173
0.127605
0.0644021
0.0311182
0.015354
0.0705822
0.0846375
0.0944295
0.0729587
0.143198
0.0617286
0.0899798
0.0910406
0.0867858
0.000507779
0.0628379
0.0864409
0.105784
0.0389238
0.0404557
0.011063
0.0115431
0.101444
0.111323
0.124268
0.117408
0.0956614
0.0192651
0.0960474
0.121909
0.101055
0.0767277
0.0922242
0.110139
0.0776484
0.0411954
0.0502919
0.0829594
0.11222
0.0365346
0.0972543
0.091491
0.0161638
0.181583
0.0469421
0.0278749
0.13446
0.140963
0.104269
0.0867163
0.119413
0.102831
0.0874193
0.087545
0.143693
0.0758112
0.101902
0.00265735
0.0871526
0.089625
0.0799551
0.0621014
0.0679876
0.109867
0.0788464
0.103357
0.011461
0.0600941
0.153506
0.111282
0.126266
0.153826
0.0144851
0.118247
0.191462
0.0898671
0.0997494
0.0828965
0.048092
0.114856
0.0793139
0.0777406
0.0220416
0.0315702
0.158349
0.157832
0.155842
0.10123
0.0622298
0.118237
0.0983116
0.0815316
0.0880085
0.000837627
0.0576804
0.159692
0.00892775
0.0918426
0.144175
0.158627
0.171175
0.145371
0.0012814
0.0123424
0.00467576
0.0837571
0.179858
0.0987885
0.16607
0.0586364
0.0364357
0.00464115
0.0298433
0.0068868
0.108413
0.110431
0.0176526
0.0242015
0.0679124
0.00670292
0.0851094
0.0854322
0.0845279
0.0142313
0.0143179
0.0986713
0.0542047
0.101476
0.0308323
0.058103
0.00140262
0.0681031
0.102069
0.0998088
0.0786478
0.093568
0.0128932
0.0275048
0.117373
0.0194758
0.105282
0.187731
0.10245
0.0546662
0.11459
0.103713
0.173044
0.143313
0.0772705
0.0822621
0.129645
0.0917132
0.115343
0.109774
0.152165
0.119136
0.19145
0.126672
0.073841
0.14756
0.080562
0.0927965
0.161569
0.0309672
0.0949052
0.13721
0.10922
0.115392
0.064207
0.119501
0.0580765
0.113383
0.111368
0.158306
0.132377
0.0524408
0.165401
0.0238297
0.0673252
0.129221
0.023291
0.0328489
0.0999309
0.0124818
0.0055652
0.124238
0.0338086
0.0262209
0.176859
0.100523
0.00800861
0.0341509
0.120909
0.0521885
0.141109
0.151477
0.0406702
0.139593
0.113305
0.143862
0.0203319
0.15147
0.0365043
0.0453954
0.023053
0.138762
0.0110995
0.00193597
0.0959259
0.125549
0.134514
0.0581166
0.0236372
0.0205295
0.0953408
0.170669
0.0711958
0.066173
0.108925
0.0979995
0.0391603
0.0166773
0.0361278
0.0833249
0.00668173
0.0557076
0.0620734
0.0496032
0.0329911
0.0466702
0.018942
0.086418
0.0930053
0.113392
0.0780993
0.100651
0.0418969
0.0712151
0.110136
0.0785766
0.0893582
0.0761207
0.0849165
0.142818
0.0640609
0.0985373
0.100009
0.168128
0.0735773
0.114723
0.111264
0.12259
0.0965554
0.0436417
0.0729046
0.103656
0.130653
0.157755
0.0737579
0.00340553
0.0777546
0.087183
0.0622392
0.108092
0.106313
0.159207
0.0793904
0.0783777
0.117341
0.158094
0.106908
0.0909422
0.164977
0.0702973
0.0101462
0.0461565
0.0847482
0.0278745
0.102709
0.135453
0.131914
0.159417
0.0973322
0.0963389
0.0862785
0.161979
0.0259621
0.0961599
0.00298356
0.00158642
0.0403943
0.101942
0.0286889
0.116692
0.124973
0.0668734
0.130435
0.152886
0.0569156
0.105458
0.124841
0.137594
0.0588475
0.0194406
0.171184
0.0640039
0.186408
0.148316
0.139742
0.0216702
0.185288
0.012093
0.0946573
0.0908544
0.149278
0.0887707
0.10226
0.095412
0.101884
0.0963383
0.113078
0.105722
0.106444
0.00777405
0.0715307
0.117495
0.0630048
0.0604238
0.112919
0.0200213
0.049676
0.0668304
0.00542928
0.0922841
0.0168902
0.105016
0.126166
0.00742263
0.0210204
0.114934
0.0774995
0.137532
0.0993073
0.115868
0.117227
0.110979
0.125435
0.129958
0.102221
0.136743
0.0938737
0.102204
0.126966
0.0429701
0.0561332
0.0793275
0.120576
0.11586
0.0888177
0.131703
0.165827
0.15015
0.093594
0.0898632
0.0862541
0.154119
0.0980233
0.105706
0.0927574
0.106276
0.0862832
0.0845973
0.123183
0.129305
0.119087
0.140086
0.135723
0.0996122
0.151783
0.00229495
0.138666
0.115946
0.00371497
0.00443115
0.0231851
0.125887
0.0505296
0.0642337
0.0634647
0.107985
0.109856
0.0960395
0.00453218
0.0226568
0.148053
0.0934988
0.0206452
0.148345
0.153127
0.169245
0.0946199
0.107054
0.00707411
0.03445
0.108862
0.160341
0.0309885
0.0145605
0.00932932
0.144562
0.0726676
0.0983457
0.133851
0.0327487
0.0854319
0.10681
0.197451
0.15995
0.133028
0.0314924
0.0811154
0.0708612
0.108085
0.172543
0.00650679
0.17375
0.154654
0.0729009
0.0740351
0.111136
0.105015
0.00381372
0.043936
0.0906834
0.0654178
0.0964715
0.0484402
0.00376779
0.0859283
0.00901388
0.111358
0.0922737
0.116028
0.141843
0.0992633
0.0937677
0.130996
0.0146762
0.118845
0.117359
0.0476552
0.121307
0.11277
0.0851472
0.0217843
0.123308
0.111365
0.109937
0.153662
0.151289
0.0254977
0.0916806
0.037332
0.0756727
0.0333101
0.0306935
0.16901
0.135382
0.176276
0.0675661
0.122838
0.0396747
0.0192599
0.139222
0.169631
0.12922
0.109675
0.111829
0.126741
0.131162
0.0213462
0.0574067
0.021534
0.133823
0.152933
0.0238944
0.0531993
0.0407354
0.146404
0.141493
0.118511
0.0793554
0.0659876
0.0196452
0.072237
0.0130741
0.00580134
0.146355
0.159248
0.0269015
0.0609443
0.107835
0.159457
0.0151105
0.12352
0.130102
0.187602
0.148972
0.0354218
0.1357
0.129648
0.158993
0.127017
0.135054
0.0788375
0.0636288
0.0752522
0.0108293
0.1529
0.018565
0.126899
0.0985416
0.0165271
0.0465174
0.135419
0.00339845
0.117568
0.011933
0.0246059
0.0891303
0.116323
0.143361
0.0636193
0.117634
0.128797
0.107697
0.12372
0.0660606
0.0527572
0.0447815
0.0811328
0.0235285
0.110385
0.167297
0.152461
0.121898
0.0650348
0.121925
0.0598486
0.0405995
0.0573024
0.118505
0.0529286
0.0751606
0.13097
0.0982752
0.116855
0.169719
0.094005
0.161361
0.18895
0.0598849
0.0251399
0.0092097
0.125339
0.0120766
0.168483
0.114968
0.0885906
0.0732823
0.165797
0.150201
0.00340847
0.0550202
0.000281885
0.0584681
0.118962
0.141572
0.189642
0.0544136
0.00269549
0.134752
0.0789821
0.0610204
0.145543
0.0391821
0.0967436
0.108513
0.173153
0.162291
0.104516
0.0924991
0.131584
0.219235
0.119477
0.00867014
0.115408
0.173705
0.178166
0.0952944
0.157163
0.0406001
0.0273103
0.186041
0.0490564
0.0339092
0.0976393
0.0124101
0.170986
0.086502
0.153848
0.0664416
0.144459
0.0119882
0.0182939
0.150918
0.172365
0.00487966
0.0766392
0.0238365
0.00478654
0.103261
0.125895
0.063705
0.104543
0.152057
0.0316684
0.105777
0.00896116
0.115182
0.0955846
0.0353018
0.0216295
0.0949017
0.136112
0.142521
0.125442
0.0289972
0.126131
0.0940878
0.0726504
0.0838151
0.109517
0.0509681
0.160722
0.108064
0.150516
0.100178
0.145147
0.134641
0.105111
0.110784
0.124219
0.121632
0.136706
0.167871
0.152213
0.19473
0.138267
0.132532
0.0195814
0.181165
0.103893
0.127767
0.0829621
0.172864
0.11717
0.167719
0.081594
0.185247
0.125423
0.161365
0.0902686
0.104676
0.171532
0.132026
0.0909623
0.0642415
0.100623
0.145085
0.0511685
0.0971301
0.0884079
0.162925
0.17099
0.159283
0.163099
0.0193422
0.094802
0.1458
0.0368844
0.0408777
0.163966
0.18175
0.0825737
0.0191704
0.232219
0.0748407
0.0973082
0.1248
0.0875505
0.181637
0.108036
0.00471085
0.189381
0.115735
0.0200971
0.0774378
0.0385601
0.114816
0.0696499
0.156953
0.0055426
0.00245442
0.179031
0.0503356
0.13931
0.000419175
0.141195
0.0437505
0.118114
0.174915
0.0166758
0.0944213
0.1517
0.0233594
0.139631
0.184622
0.0503839
0.0184985
0.0542938
0.132106
0.063087
0.0577865
0.0822711
0.0524425
0.10858
0.0616841
0.076775
0.165915
0.133086
0.00462102
0.0979808
0.1154
0.156545
0.151928
0.126417
0.0959062
0.164825
0.14231
0.094932
0.114113
0.148851
0.0860134
0.15549
0.0984531
0.127062
0.206146
0.0573166
0.141799
0.162911
0.157359
0.105886
0.0213895
0.0536334
0.0165467
0.10525
0.138961
0.178532
0.164588
0.118519
0.157399
0.143289
0.124335
0.111693
0.143831
0.104303
0.057528
0.00855305
0.0553416
0.15065
0.0789833
0.154161
0.111982
0.060512
0.0490338
0.0683075
0.134112
0.125535
0.161856
0.132222
0.0675353
0.0386164
0.0888355
0.161379
0.077419
0.154085
0.10579
0.134875
0.0273579
0.0243541
0.125548
0.153479
0.00163078
0.176813
0.124516
0.119406
0.142844
0.0135385
0.00290919
0.0252364
0.00612075
0.0248768
0.0503697
0.163046
0.0832187
0.13076
0.116758
0.00650837
0.177333
0.144788
0.052198
0.0470728
0.169837
0.0143857
0.0463041
0.00261429
0.115824
0.0218715
0.149263
0.115807
0.0156903
0.00126065
0.167294
0.141392
0.141886
0.147477
0.0284612
0.0150465
0.0874665
0.0207093
0.135729
0.145088
0.133251
0.148741
0.0915636
0.173726
0.135749
0.0761725
0.171642
0.184797
0.152929
0.228807
0.0118805
0.149158
0.136449
0.118742
0.00773859
0.15189
0.168557
0.178388
0.179808
0.0652333
0.121287
0.132691
0.000886469
0.15015
0.0814825
0.131586
0.130227
0.161844
0.167159
0.117844
0.140653
0.165146
0.0463197
0.146347
0.0440272
0.199826
0.164669
0.0538628
0.186988
0.15026
0.0893569
0.00768964
0.101537
0.163504
0.10262
0.0178378
0.0076234
0.178062
0.151854
0.174098
0.145166
0.12098
0.165106
0.13834
0.193632
0.140045
0.0528975
0.163808
0.0903202
0.189853
0.0864955
0.00313299
0.129108
0.0714386
0.0873043
0.103005
0.150846
0.155966
0.123938
0.0152866
0.0266452
0.172646
0.144047
0.0777355
0.0216934
0.115632
0.0168072
0.0472966
0.155777
0.144136
0.168393
0.0371095
0.101835
0.131711
0.143188
0.100457
0.0838309
0.0786913
0.154371
0.00300762
0.147098
0.124291
0.103322
0.138201
0.01572
0.0028073
0.115293
0.07964
0.104919
0.148136
0.116646
0.0928681
0.144203
0.165962
0.143498
0.00795271
0.0121112
0.12495
0.114649
0.108495
0.151267
0.140805
0.166558
0.154396
0.136976
0.0079905
0.139785
0.137422
0.0167073
0.156256
0.154202
0.137845
0.106178
0.124839
0.00298292
0.0922608
0.11697
0.122976
0.159544
0.129742
0.0226648
0.158522
0.0255116
0.107193
0.155199
0.121419
0.139841
0.0996246
0.139991
0.00893349
0.00494708
0.152429
0.0108457
0.141406
0.0231627
0.112978
0.10735
0.0430253
0.0386007
0.035954
0.0499515
0.0166222
0.169
0.0471982
0.100863
0.135918
0.00718113
0.140702
0.0167796
0.134837
0.0185703
0.125361
0.0349807
0.176348
0.0230457
0.02058
0.100068
0.0794226
0.000219877
0.155113
0.0509198
0.00353468
0.0114231
0.191976
0.0379931
0.135946
0.124587
0.106389
0.129891
0.15322
0.0729893
0.0438479
0.0101553
0.0867708
0.0287174
0.0480125
0.0640134
0.174692
0.106301
0.0321981
0.0356507
0.12291
0.0985235
0.0166525
0.103146
0.0614245
0.0203746
0.14067
0.0510167
0.132255
0.0144795
0.14141
0.137574
0.188196
0.0610534
0.183826
0.128852
0.202805
0.151988
0.0936565
0.128734
0.0672081
0.099584
0.0887675
0.176032
0.00966538
0.179978
0.097605
0.0670194
0.177587
0.137981
0.0126343
0.0942677
0.0451844
0.159719
0.176524
0.0725726
0.083186
0.175131
0.110678
0.180169
0.166487
0.143655
0.160592
0.0038835
0.0584886
0.178884
0.0138428
0.049282
0.065291
0.0236511
0.0967571
0.121772
0.208463
0.13915
0.0234838
0.0620153
0.0645218
0.0931508
0.0500071
0.0785847
0.192517
0.13075
0.183509
0.136943
0.135147
0.126041
0.0247507
0.000373097
9.51301e-05
0.120657
0.177225
0.174047
0.101112
0.146873
0.0480554
0.0655633
0.0297006
0.156402
0.112833
0.117457
0.0070797
0.1249
0.053327
0.128974
0.0526168
0.0905123
0.108544
0.0622865
0.154493
0.022592
0.089325
0.0310891
0.115726
0.11324
0.131678
0.0292689
0.119769
0.160069
0.122599
0.148496
0.128129
0.207871
0.0719498
0.154198
0.0391302
0.122245
0.0287057
0.00355116
0.138216
0.151066
0.140761
0.0643635
0.19141
0.0904949
0.0864457
0.166728
0.141576
0.15335
0.140813
0.136423
0.143353
0.0202713
0.134299
0.155756
0.116404
0.00275069
0.123897
0.146352
0.0242044
0.120641
0.113705
0.194443
0.014497
0.119739
0.122618
0.161153
0.0344311
0.0501504
0.000601884
0.102681
0.0458333
0.133007
0.162915
0.162481
0.108285
0.175751
0.155923
0.0469068
0.10397
0.121182
0.175561
0.151158
0.0827052
0.113381
0.174882
0.160991
0.0777593
0.160681
0.0133096
0.17965
0.199106
0.00962513
0.178617
0.172158
0.121132
0.137024
0.0814848
0.185907
0.13892
0.0105855
0.175483
0.132813
0.112942
0.135208
0.00469984
0.0257069
0.138088
0.0330057
0.138139
0.0793975
0.123759
0.0867856
0.0617421
0.0622871
0.00253655
0.0974009
0.146831
0.104328
0.055619
0.0716318
0.126098
0.168323
0.0820183
0.0289253
0.17154
0.188223
0.124629
0.0606417
0.187977
0.0204459
0.0354493
0.164284
0.121773
0.0771584
0.0353901
0.0540113
0.0958062
0.0296927
0.207726
0.0856096
0.196356
0.110601
0.158595
0.140643
0.133863
0.0319959
0.193685
0.00710014
0.023437
0.152264
0.159034
0.100763
0.130021
0.090701
0.0782205
0.142873
0.0415149
0.0722335
0.0601253
0.129605
0.0499892
0.211332
0.107596
0.073347
0.0427757
0.182071
0.0714271
0.158846
0.105288
0.0229978
0.144639
0.00848671
0.103615
0.166751
0.122625
0.0955972
0.159541
0.024519
0.136895
0.132927
0.0380631
0.160303
0.0122973
0.0569172
0.146124
0.0852354
0.148995
0.196959
0.164349
0.00780352
0.189874
0.135409
0.165198
0.134715
0.160188
0.0178021
0.045367
0.149822
0.180367
0.219774
0.034153
0.00758158
0.157519
0.205804
0.0547244
0.183954
0.0557906
0.153772
0.216376
0.0294965
0.0427444
0.103109
0.0166825
0.113631
0.0305239
0.151185
0.124415
0.152846
0.197968
0.00474426
0.142881
0.136788
0.15116
0.00186886
0.108962
0.0162889
0.0864864
0.102882
0.00770083
0.127612
0.0607729
0.162503
0.142437
0.00339132
0.0100238
0.153508
0.0372421
0.0303535
0.178683
0.0788675
0.178898
0.0977694
0.0933229
0.117344
0.0983764
0.169208
0.0196668
0.0704372
0.174078
0.173904
0.10469
0.121398
0.114206
0.179052
0.119794
0.190951
0.153446
0.177524
0.14138
0.0235372
0.134099
0.162646
0.1324
0.119811
0.00822114
0.121846
0.138014
0.0247446
0.172603
0.136355
0.139638
0.0455632
0.0530359
0.0733669
0.141335
0.145369
0.157188
0.153277
0.0845538
0.156625
0.0437331
0.10783
0.0727952
0.0408079
0.0724659
0.166568
0.0858959
0.00169922
0.194213
0.194157
0.0084432
0.199938
0.184238
0.180815
0.175197
0.178525
0.203755
0.153308
0.181351
0.167572
0.105358
0.0114401
0.0105464
0.139801
0.168211
0.167831
0.174962
0.0414176
0.0241002
0.0838161
0.202232
0.190781
0.113023
0.0996909
0.0487001
0.156223
0.189901
0.132737
0.117129
0.137643
0.154881
0.14389
0.0541187
0.113518
0.126492
0.150566
0.06824
0.17007
0.0831338
0.0694323
0.082698
0.179761
0.0439386
0.107593
0.0511752
0.0800367
0.129045
0.0845339
0.11046
0.160181
0.162674
0.155228
0.216659
0.126969
0.16239
0.150644
0.130731
0.135469
0.14477
0.145753
0.131591
0.17783
0.180535
0.18442
0.160697
0.18992
0.161588
0.173154
0.0724238
0.126625
0.129528
0.113778
0.0729468
0.176665
0.0544887
0.222712
0.14498
0.187253
0.148226
0.152774
0.169901
0.100333
0.133154
0.156862
0.00592973
0.11629
0.111296
0.146461
0.0480552
0.01389
0.046987
0.107873
0.200353
0.142103
0.045219
0.0380455
0.140819
0.0538104
0.160264
0.0179225
0.182706
0.157243
0.0601914
0.011394
0.198149
0.127804
0.0406112
0.00950878
0.0938777
0.148626
0.0347632
0.0645814
0.0247185
0.0423077
0.177408
0.233286
0.0599644
0.220916
0.0351879
0.174125
0.118542
0.120508
0.113109
0.0979367
0.129847
0.196318
0.150178
0.174357
0.161564
0.216124
0.136873
0.158977
0.169735
0.0336857
0.168136
0.162877
0.120704
0.0381903
0.00188527
0.111804
0.102436
0.0864793
0.173243
0.15032
0.0242159
0.0665434
0.0389572
0.150602
0.161468
0.128523
0.166927
0.165598
0.138645
0.124154
0.208932
0.165821
0.168284
0.137845
0.180658
0.147161
0.151691
0.0119039
0.175023
0.134925
0.0182889
0.195172
0.0897353
0.126816
0.138562
0.15494
0.0422271
0.0738639
0.13153
0.165793
0.146622
0.0678776
0.12281
0.206523
0.131887
0.0875956
0.00420077
0.176812
0.10884
0.0152924
0.103508
0.186961
0.0127936
0.104234
0.038437
0.149267
0.138237
0.131942
0.128784
0.107012
0.0734457
0.0974881
0.114256
0.0730983
0.0186792
0.0134653
0.0745157
0.1809
0.11876
0.0327165
0.0608051
0.154296
0.166122
0.193386
0.194051
0.0204111
0.178984
0.185069
0.163311
0.165289
0.14904
0.0176876
0.0539728
0.154705
0.116
0.0218119
0.142766
0.11919
0.0242725
0.0374943
0.217469
0.164591
0.1314
0.0222368
0.0574776
0.086147
0.0799959
0.00302691
0.0623178
0.136937
0.140885
0.129021
0.0590109
0.113096
0.162397
0.114445
0.205408
0.163282
0.134972
0.165287
0.0484038
0.165466
0.0497965
0.160864
0.19069
0.191013
0.102523
0.165985
0.148894
0.188411
0.148655
0.195048
0.108252
0.17669
0.0902433
0.0482935
0.14822
0.165204
0.181857
0.060254
0.0593145
0.175415
0.15606
0.172025
0.152727
0.161892
0.16447
0.169051
0.170826
0.22436
0.157006
0.189274
0.146942
0.107673
0.158441
0.0094816
0.162047
0.149923
0.171907
0.162961
0.092442
0.0969607
0.0606738
0.0826293
0.132622
0.163927
0.132954
0.0995294
0.0888993
0.183413
0.109949
0.132438
0.0185638
0.138462
0.0156608
0.0150909
0.0148191
0.02061
0.143978
0.167049
0.195219
0.151626
0.177772
0.162847
0.169007
0.00267238
0.11908
0.0353828
0.00164617
0.00887397
0.050347
0.152183
0.166278
0.173802
0.186973
0.0322384
0.198485
0.125921
0.155986
0.159131
0.0353092
0.0864505
0.13939
0.110945
0.118328
0.181734
0.0111285
0.0114495
0.0554615
0.0651022
0.0265682
0.0720513
0.187121
0.116241
0.159613
0.21336
0.0251325
0.162523
0.024676
0.0559838
0.0362508
0.174747
0.00188891
0.00815968
0.172485
0.160019
0.0765596
0.183041
0.174096
0.177993
0.157758
0.0917022
0.0456146
0.151873
0.183851
0.18522
0.220387
0.186387
0.130482
0.126612
0.0916789
0.215817
0.149945
0.134265
0.147354
0.118751
0.131959
0.11016
0.183174
0.11286
0.00817405
0.172285
0.20819
0.130426
0.0448039
0.14667
0.170195
0.0233162
0.000744316
0.121692
0.0189543
0.115554
0.0667576
0.142269
0.156482
0.191462
0.176967
0.156065
0.14066
0.16169
0.022812
0.1083
0.00987885
0.0106057
0.0443201
0.168751
0.0942716
0.128072
0.150908
0.0425788
0.187727
0.0459032
0.0129361
0.19717
0.0235208
0.16104
0.0607474
0.0390444
0.169066
0.148405
0.12094
0.171452
0.161127
0.180606
0.0836752
0.149394
0.169767
0.00101461
0.180437
0.0352726
0.203536
0.138884
0.209158
0.17781
0.14521
0.196096
0.0543903
0.139546
0.176851
0.0505511
0.0234214
0.0289981
0.130959
0.00929531
0.120656
0.0521245
0.099975
0.0494433
0.164141
0.164042
0.101378
0.161435
0.0244021
0.130608
0.181667
0.155629
0.170252
0.187456
0.141801
0.146796
0.194093
0.0954298
0.177652
0.133223
0.129847
0.0387972
0.17754
0.169276
0.190996
0.160035
0.206654
0.156251
0.172481
0.147386
0.178513
0.147119
0.184666
0.159675
0.0244749
0.124974
0.194982
0.189499
0.0921685
0.0420468
0.0185165
0.157486
0.20623
0.117715
0.117059
0.149109
0.143152
0.144525
0.0804606
0.180417
0.0197846
0.15739
0.193082
0.17867
0.146154
0.0955512
0.00845621
0.0708693
0.180344
0.00903295
0.0932688
0.0519556
0.0331371
0.205447
0.14746
0.137276
0.0325923
0.0610053
0.0440511
0.137445
0.196498
0.170316
0.159012
0.170153
0.201222
0.160003
0.0581544
0.206043
0.0668253
0.0633855
0.118732
0.175249
0.178287
0.130483
0.122949
0.0243908
0.150392
0.168693
0.189584
0.130128
0.0644102
0.122435
0.0211481
0.080751
0.0336134
0.0213825
0.109879
0.202722
0.047819
0.182551
0.0482046
0.0134257
0.157474
0.0745366
0.186416
0.16576
0.145777
0.154131
0.180498
0.176796
0.181821
0.171671
0.180983
0.180827
0.148709
0.156457
0.17296
0.195995
0.189026
0.150716
0.17917
0.136195
0.154336
0.177734
0.214729
0.143287
0.173211
0.201589
0.169723
0.12917
0.141397
0.186383
0.114036
0.129698
0.17612
0.163472
0.185285
0.0367642
0.220379
0.193136
0.180043
0.176916
0.203172
0.151387
0.0953127
0.19985
0.199997
0.0260855
0.0305851
0.136559
0.19255
0.0259392
0.107538
0.0624976
0.178946
0.160516
0.0975064
0.0467971
0.177944
0.20491
0.0552435
0.201648
0.230726
0.160217
0.0181523
0.214176
0.0501163
0.181862
0.0634734
0.166179
0.0231756
0.1179
0.185228
0.194272
0.193156
0.0781092
0.176624
0.0664809
0.131924
0.13948
0.0850382
0.0531039
0.159348
0.0798978
0.128029
0.130457
0.0634431
0.0099788
0.158757
0.00392327
0.00579038
0.202948
0.0900693
0.0730591
0.171549
0.143506
0.0599748
0.16737
0.164125
0.03903
0.0810337
0.145807
0.177313
0.174439
0.0031712
0.163785
0.209247
0.165127
0.146351
0.141823
0.19903
0.139937
0.148324
0.123189
0.199762
0.107578
0.0889031
0.150673
0.122036
0.135243
0.158807
0.124214
0.101963
0.198198
0.129382
0.171556
0.180382
0.1203
0.00668905
0.200345
0.151424
0.189468
0.117028
0.191129
0.0947795
0.197188
0.103178
0.187939
0.15351
0.113557
0.0459949
0.157786
0.171212
0.0127254
0.0243669
0.194404
0.177164
0.164734
0.168077
0.0836821
0.206858
0.131051
0.0286191
0.103129
0.044842
0.0839368
0.170494
0.0955478
0.00303333
0.163059
0.0538654
0.00320698
0.00255926
0.0518466
0.160238
0.0431286
0.080294
0.199796
0.0219497
0.0857792
0.15474
0.0570987
0.188119
0.0261409
0.124667
0.198196
0.165973
0.177648
0.154337
0.00720547
0.165668
0.182531
0.202799
0.121741
0.158328
0.172929
0.179704
0.173127
0.0739394
0.192315
0.162408
0.20926
0.138751
0.0179639
0.0283098
0.0662166
0.074376
0.195932
0.145348
0.0971397
0.00570945
0.0905749
0.141026
0.0167209
0.122868
0.14392
0.156865
0.154754
0.18597
0.0959113
0.154197
0.087758
0.13511
0.129885
0.168216
0.0228156
0.191075
0.184338
0.178087
0.19027
0.222437
0.0583419
0.116896
0.181292
0.130721
0.124754
0.167365
0.137053
0.156911
0.165607
0.0206806
0.116243
0.23804
0.201769
0.123241
0.149883
0.0572041
0.140408
0.201221
0.213961
0.156772
0.191199
0.176067
0.0618973
0.02349
0.213405
0.142615
0.12856
0.146405
0.0122615
0.179846
0.0851341
0.133771
0.00872127
0.0382058
0.00920947
0.118406
0.208407
0.103181
0.133158
0.164303
0.165756
0.200371
0.189582
0.0151941
0.038312
0.17558
0.0638215
0.0353278
0.208095
0.219387
0.195984
0.092972
0.133399
0.168146
0.101896
0.175322
0.0881115
0.0528189
0.00805724
0.131752
0.0731833
0.135172
0.073654
0.191901
0.0649165
0.0418766
0.0239346
0.00184133
0.17405
0.0463024
0.188299
0.041358
0.18241
0.0185723
0.1197
0.0105071
0.0519363
0.0647425
0.147715
0.158377
0.181237
0.147816
0.137414
0.14537
0.104108
0.169674
0.178503
0.0824083
0.162733
0.174645
0.125033
0.17409
0.135738
0.175831
0.10805
0.124524
0.136574
0.064732
0.202501
0.194752
0.192316
0.136833
0.210482
0.181516
0.171194
0.0171002
0.203431
0.145956
0.197568
0.181225
0.199321
0.137162
0.168813
0.121467
0.210458
0.207601
0.155146
0.160794
0.190908
0.14791
0.173635
0.165497
0.139414
0.15637
0.154236
0.172774
0.174504
0.183345
0.207898
0.151631
0.154346
0.189109
0.00264546
0.052893
0.135856
0.0535887
0.161705
0.153975
0.192015
0.0321834
0.18537
0.08754
0.178395
0.195516
0.16067
0.0374981
0.20242
0.0564889
0.155116
0.117089
0.107307
0.113613
0.0329933
0.00375464
0.101941
0.0812288
0.0485144
0.17282
0.135716
0.187718
0.214779
0.0787962
0.139478
0.151129
0.044795
0.0929038
0.189042
0.0287666
0.131049
0.160964
0.166764
0.109203
0.074769
0.13876
0.148531
0.0991573
0.0350276
0.174649
0.00578445
0.220088
0.0408247
0.0804539
0.203085
0.000347858
0.0705659
0.0847969
0.0521805
0.205653
0.148961
0.150388
0.174001
0.120198
0.234024
0.132726
0.186437
0.214535
0.196537
0.15673
0.149278
0.191131
0.0778807
0.166791
0.144383
0.176073
0.152851
0.195335
0.128492
0.166941
0.194969
0.00601142
0.211464
0.0518478
0.142281
0.189
0.204617
0.158434
0.183014
0.11261
0.148537
0.181106
0.163873
0.100913
0.17682
0.194936
0.017188
0.165303
0.205412
0.190391
0.00367223
0.0870409
0.159542
0.00743855
0.183616
0.0376707
0.0910662
0.0896249
0.156385
0.17962
0.111471
0.203966
0.110238
0.0801065
0.124555
0.173382
0.193707
0.169183
0.182806
0.209454
0.115613
0.15767
0.0397802
0.16456
0.105684
0.199793
0.0190951
0.0135463
0.188408
0.188336
0.179129
0.174296
0.0216051
0.146575
0.12072
0.164926
0.202642
0.132727
0.0472672
0.186352
0.177301
0.135761
0.0986473
0.154226
0.159725
0.125964
0.129229
0.136358
0.174055
0.14973
0.0147688
0.085173
0.0377017
0.0101843
0.222989
0.0960556
0.196016
0.190187
0.103187
0.0270427
0.00411283
0.143005
0.160786
0.117129
0.221347
0.19614
0.224663
0.0916616
0.222993
0.162352
0.14781
0.178054
0.171025
0.150607
0.19256
0.160389
0.193018
0.0802496
0.15449
0.0247116
0.196297
0.016927
0.0138544
0.147426
0.183188
0.152521
0.217944
0.188352
0.205445
0.134614
0.214582
0.204308
0.178762
0.206791
0.119291
0.178838
0.0298916
0.119093
0.202697
0.153954
0.171042
0.200108
0.14954
0.0175542
0.123042
0.01373
0.164273
0.163625
0.194236
0.168923
0.160005
0.0868576
0.190669
0.158915
0.0272525
0.163964
0.182346
0.0180284
0.217457
0.0277264
0.18884
0.209515
0.233656
0.0909899
0.0127704
0.173988
0.198088
0.0387587
0.0136618
0.197324
0.153275
0.220724
0.199776
0.189094
0.0578459
0.087021
0.122965
0.173694
0.103346
0.0587791
0.155825
0.0212789
0.062504
0.00825015
0.10983
0.160538
0.0188249
0.164864
0.202224
0.134665
0.214584
0.0089213
0.194001
0.0143386
0.0705023
0.13366
0.177133
0.0135742
0.0331576
0.0196513
0.0675777
0.147141
0.183285
0.214375
0.0469082
0.198805
0.112826
0.178781
0.193426
0.134758
0.193342
0.198365
0.213819
0.119667
0.200562
0.147142
0.0408809
0.200387
0.0206975
0.206023
0.164439
0.201116
0.170724
0.129859
0.116136
0.148542
0.161479
0.157315
0.210149
0.11987
0.16337
0.173039
0.148696
0.198903
0.12833
0.186295
0.187147
0.104985
0.040002
0.00222257
0.193894
0.211498
0.178764
0.18958
0.0893639
0.168615
0.187597
0.0568311
0.0103976
0.143226
0.196304
0.0313657
0.20326
0.0461362
0.0871633
0.100211
0.203122
0.186461
0.208911
0.0395559
0.182836
0.186109
0.171106
0.185858
0.0626426
0.00729287
0.195483
0.160751
0.172836
0.0771218
0.0509822
0.0897321
0.200196
0.126944
0.201219
0.155505
0.144158
0.0962295
0.208208
0.029767
0.0167011
0.0431935
0.022492
0.172763
0.220191
0.182707
0.196903
0.000754712
0.168206
0.150008
0.0585582
0.116423
0.157348
0.183216
0.0009583
0.222019
0.036598
0.154316
0.157085
0.134323
0.218923
0.201296
0.195997
0.156071
0.180269
0.180997
0.175794
0.172671
0.198064
0.193403
0.207871
0.182017
0.179719
0.168726
0.180524
0.1287
0.209285
0.10396
0.093246
0.246933
0.0448997
0.172425
0.204533
0.179479
0.122023
0.188116
0.159662
0.148094
0.0912604
0.14703
0.168723
0.17517
0.205558
0.163503
0.173655
0.0431447
0.0247798
0.197349
0.045899
0.209106
0.180356
0.15364
0.118563
0.115261
0.201949
0.183226
0.206843
0.176993
0.100582
0.123114
0.130671
0.228595
0.118188
0.198385
0.150713
0.168479
0.197449
0.189374
0.00160779
0.145678
0.163439
0.215744
0.00489057
0.0694316
0.0880299
0.179785
0.199945
0.198265
0.0217604
0.0265183
0.149687
0.196926
0.113236
0.0993672
0.167111
0.1788
0.194819
0.0463145
0.190562
0.209157
0.164867
0.186082
0.035544
0.000954151
0.184064
0.0760147
0.141861
0.098836
0.172886
0.206161
0.0311545
0.06249
0.0538979
0.0271646
0.103375
0.179903
0.0154711
0.162966
0.215435
0.194822
0.147662
0.170007
0.182601
0.187905
0.179347
0.175206
0.170832
0.201902
0.195642
0.228666
0.104791
0.0577429
0.117422
0.141352
0.193573
0.0113568
0.0566078
0.200636
0.17473
0.163245
0.141377
0.0666777
0.069978
0.186154
0.0463955
0.0176241
0.18048
0.192292
0.194039
0.17392
0.00866608
0.182775
0.17391
0.191646
0.148981
0.152063
0.190738
0.195364
0.162539
0.177123
0.074392
0.176922
0.048882
0.0102036
0.159065
0.179372
0.117909
0.0919555
0.00192332
0.064791
0.155772
0.209662
0.193559
0.181582
0.0154104
0.0184953
0.188899
0.136101
0.131761
0.00680657
0.0482696
0.185387
0.0232387
0.20999
0.159664
0.240654
0.0906182
0.0454889
0.00271289
0.146403
0.183007
0.167566
0.199896
0.170072
0.0371856
0.172225
0.16518
0.16519
0.144862
0.207069
0.187501
0.198097
0.122114
0.194662
0.153142
0.228678
0.143004
0.173745
0.0784536
0.11898
0.189405
0.18364
0.198185
0.131389
0.189999
0.0467692
0.196697
0.0791645
0.168141
0.200116
0.13793
0.161875
0.193006
0.164434
0.178022
0.174405
0.193875
0.19107
0.215427
0.206116
0.169603
0.178715
0.183794
0.138112
0.160933
0.190641
0.153665
0.134911
0.198628
0.18363
0.224466
0.109086
0.0129701
0.182336
0.137776
0.187345
0.16025
0.195649
0.236081
0.234027
0.0757282
0.215944
0.174689
0.193217
0.195791
0.194288
0.192564
0.172221
0.157137
0.209922
0.173078
0.17129
0.166663
0.107088
0.171142
0.137312
0.145875
0.207475
0.199441
0.0873899
0.0137196
0.00846431
0.177365
0.00889663
0.0238581
0.217773
0.0512764
0.0694371
0.094343
0.201274
0.0671859
0.181837
0.262856
0.0205075
0.224946
0.18899
0.180741
0.180003
0.0279007
0.0444463
0.185586
0.0088702
0.0632668
0.175699
0.182008
0.0938662
0.20199
0.172277
0.0165292
0.0640593
0.119409
0.00366942
0.102654
0.176394
0.16191
0.195152
0.200565
0.112275
0.109908
0.159272
0.140934
0.199899
0.0222162
0.158433
0.0539747
0.161848
0.0887066
0.191328
0.199987
0.13512
0.0697644
0.19276
0.167588
0.207815
0.184778
0.174364
0.173118
0.169765
0.170608
0.0405147
0.182677
0.169062
0.192435
0.200684
0.157587
0.182604
0.22901
0.18415
0.208107
0.198803
0.201238
0.176667
0.171124
0.161093
0.222352
0.159092
0.186721
0.0277014
0.211847
0.168038
0.223129
0.21374
0.187188
0.170378
0.232359
0.109409
0.207642
0.160656
0.185453
0.0118877
0.204964
0.184859
0.00808851
0.0458012
0.112382
0.0859593
0.180113
0.109135
0.091321
0.156384
0.147023
0.0820343
0.201537
0.071585
0.166809
0.22522
0.185415
0.115248
0.198732
0.14918
0.177329
0.00421096
0.0271202
0.212324
0.182937
0.0277999
0.133422
0.181195
0.152258
0.145394
0.0613314
0.196045
0.0946159
0.182726
0.138098
0.0480527
0.112867
0.107814
0.00752153
0.0225341
0.147637
0.160662
0.0579451
0.0202059
0.136912
0.00541217
0.161008
0.182704
0.0819469
0.0626168
0.0551102
0.0175016
0.0381088
0.14834
0.175822
0.11862
0.19944
0.0427479
0.12046
0.171531
0.0103995
0.170249
0.174099
0.172808
0.155408
0.0895545
0.207945
0.234865
0.178421
0.120594
0.186502
0.14133
0.180823
0.232644
0.151703
0.18354
0.202436
0.165343
0.113657
0.174165
0.17455
0.19056
0.0717829
0.124148
0.200207
0.181219
0.179279
0.198136
0.214064
0.20007
0.0655472
0.109427
0.039934
0.139783
0.187998
0.252075
0.000845842
0.00964801
0.00418792
0.182847
0.17407
0.185446
0.225339
0.191307
0.217292
0.172025
0.132103
0.0745327
0.130868
0.166096
0.205189
0.233233
0.214674
0.193122
0.16298
0.103569
0.163726
0.159713
0.156906
0.204224
0.0759911
0.199592
0.193655
0.199753
0.0513674
0.162057
0.0707536
0.204798
0.0120518
0.0300966
0.192504
0.00885747
0.21329
0.194126
0.165354
0.179426
0.150896
0.189052
0.126349
0.167322
0.198038
0.193585
0.0141237
0.178787
0.175786
0.128297
0.027675
0.0135093
0.0357872
0.0436769
0.18109
0.0860425
0.174417
0.167112
0.0109068
0.197188
0.22285
0.172051
0.152486
0.0182241
0.0151093
0.158442
0.214399
0.172453
0.195643
0.154424
0.143697
0.145725
0.132766
0.0378474
0.141156
0.127589
0.193867
0.0230616
0.165811
0.172351
0.0461051
0.139707
0.162955
0.174966
0.208869
0.0659691
0.135128
0.200082
0.0922364
0.163702
0.20067
0.0174541
0.174346
0.166874
0.154455
0.168687
0.139416
0.162314
0.184236
0.0636417
0.148796
0.154524
0.199534
0.117102
0.193908
0.168748
0.194952
0.206043
0.170148
0.0913849
0.210682
0.176718
0.0980585
0.15371
0.0715055
0.195935
0.207894
0.0224097
0.0339667
0.0686925
0.148128
0.206676
0.183266
0.075241
0.191104
0.167456
0.0127016
0.0889685
0.124321
0.220571
0.167834
0.15367
0.189138
0.215522
0.147702
0.0580378
0.00850712
0.184962
0.226556
0.186816
0.157032
0.170547
0.102726
0.192359
0.00496907
0.201752
0.174423
0.157288
0.196631
0.198197
0.206926
0.0774396
0.0269296
0.131125
0.165828
0.172781
0.0687363
0.118271
0.190448
0.108816
0.108399
0.154716
0.152989
0.205979
0.205286
0.168373
0.206296
0.173897
0.168454
0.189063
0.211104
0.189331
0.165729
0.146162
0.13287
0.153105
0.188096
0.168931
0.168828
0.168358
0.00273934
0.113906
0.198868
0.184549
0.165364
0.168324
0.203765
0.0760792
0.108493
0.172072
0.137941
0.0748588
0.156823
0.150365
0.0577931
0.204932
0.186807
0.206388
0.165963
0.0903559
0.171167
0.00913013
0.0936666
0.158262
0.0283696
0.193704
0.190764
0.187299
0.201499
0.231078
0.222382
0.196601
0.121727
0.178466
0.028406
0.179579
0.195153
0.163829
0.214815
0.0514592
0.185707
0.00130985
0.218806
0.0345553
0.183356
0.206282
0.0773261
0.141332
0.178106
0.163026
0.166197
0.127923
0.0497646
0.211478
0.142135
0.0608946
0.178638
0.174814
0.0637646
0.092204
0.0614481
0.0252333
0.0942318
0.00338909
0.20404
0.195125
0.191351
0.157637
0.146291
0.0360161
0.225618
0.163731
0.10272
0.196882
0.144366
0.206803
0.168987
0.00572027
0.114689
0.193694
0.200767
0.015802
0.181474
0.199209
0.118375
0.190771
0.138285
0.167081
0.152006
0.190703
0.1609
0.13094
0.190875
0.126184
0.187408
0.171227
0.183411
0.0926829
0.137152
0.203514
0.208052
0.181439
0.0925993
0.00609794
0.169936
0.211008
0.167159
0.121966
0.0352543
0.0201098
0.224797
0.173363
0.115233
0.143862
0.224543
0.111267
0.129328
0.0885257
0.113038
0.17246
0.170685
0.0746272
0.197324
0.117856
0.150295
0.00509886
0.186661
0.215313
0.185775
0.179584
0.0798134
0.115887
0.197059
0.0783302
0.116851
0.172095
0.233023
0.214778
0.0227968
0.209881
0.225704
0.200508
0.178668
0.0670115
0.0346916
0.0885409
0.199402
0.022398
0.126759
0.168606
0.159791
0.172929
0.189315
0.0418373
0.186099
0.00588576
0.0278337
0.209885
0.167166
0.17131
0.0623256
0.0255792
0.0892344
0.0374039
0.178954
0.0421821
0.148342
0.0478764
0.0773966
0.149253
0.183466
0.0654686
0.202095
0.143728
0.10259
0.199187
0.150542
0.18407
0.194411
0.191508
0.0394959
0.193418
0.00496131
0.175894
0.178926
0.176333
0.220374
0.189774
0.165132
0.224192
0.207341
0.178645
0.193065
0.184484
0.199499
0.145288
0.182485
0.173532
0.166832
0.162627
0.15605
0.189133
0.18586
0.18357
0.109159
0.159477
0.180898
0.00545602
0.137318
0.205518
0.222601
0.179461
0.0151335
0.194535
0.187944
0.11872
0.226106
0.172547
0.0453253
0.166044
0.187066
0.151257
0.18634
0.198084
0.0318746
0.242211
0.0212733
0.196987
0.191029
0.161173
0.0805474
0.173679
0.0609637
0.0921594
0.159983
0.0777066
0.163075
0.171415
0.0144987
0.19937
0.0295468
0.139059
0.15767
0.136479
0.202004
0.189639
0.00571508
0.174363
0.206664
0.224391
0.12088
0.207804
0.0978769
0.165575
0.213638
0.0163761
0.111752
0.0501786
0.140012
0.033551
0.110972
0.0638849
0.0823855
0.175878
0.190338
0.0248438
0.151195
0.186673
0.204056
0.177765
0.17305
0.216353
0.192287
0.173752
0.183156
0.168886
0.183702
0.193877
0.027591
0.211444
0.0180373
0.121522
0.0277747
0.0261907
0.151574
0.223391
0.179026
0.196523
0.0324906
0.214024
0.186737
0.164804
0.207911
0.143581
0.0370789
0.172597
0.212518
0.224361
0.188743
0.168869
0.130645
0.182286
0.0254555
0.113668
0.0702942
0.11577
0.156703
0.0423272
0.0559051
0.187995
0.190437
0.139748
0.196646
0.174126
0.214051
0.0177736
0.0493355
0.196117
0.15479
0.221435
0.216577
0.0893847
0.176856
0.186407
0.0255712
0.187154
0.0933641
0.00628532
0.0717584
0.0746972
0.120206
0.149853
0.195072
0.145492
0.197749
0.147083
0.207089
0.192814
0.192021
0.0118749
0.200885
0.137134
0.199084
0.0318206
0.168017
0.00483262
0.16197
0.0803164
0.153672
0.167442
0.0870029
0.153349
0.209878
0.0188281
0.0825589
0.199527
0.189303
0.154952
0.160428
0.194883
0.0326083
0.191632
0.207159
0.132669
0.202968
0.142497
0.0127766
0.00222461
0.100096
0.170607
0.201632
0.206549
0.0250732
0.0990421
0.225674
0.126751
0.00169124
0.0543236
0.0460959
0.18918
0.0426558
0.185124
0.00702703
0.212597
0.16977
0.171727
0.156125
0.171707
0.174388
0.188778
0.19436
0.198309
0.198169
0.198547
0.166314
0.205896
0.19545
0.116988
0.230336
0.0808385
0.180731
0.151146
0.200573
0.232457
0.151411
0.187324
0.197231
0.0946795
0.158046
0.148967
0.0403392
0.187481
0.153662
0.173839
0.179267
0.150178
0.147629
0.0184284
0.0464738
0.0448605
0.193018
0.0703904
0.164874
0.215205
0.0310508
0.193494
0.055336
0.180685
0.00347797
0.204535
0.0659196
0.10398
0.103168
0.17441
0.204423
0.123607
0.203601
0.16988
0.148703
0.168143
0.20118
0.186674
0.153127
0.213161
0.168147
0.18867
0.153077
0.0381986
0.181529
0.172918
0.1359
0.185968
0.186359
0.196734
0.202312
0.141648
0.0464291
0.17296
0.17845
0.126523
0.110814
0.105419
0.16308
0.200434
0.168831
0.193348
0.00213051
0.175147
0.00995984
0.209057
0.153736
0.20669
0.141081
0.17938
0.0414268
0.18818
0.00521265
0.220296
0.0664795
0.0414232
0.0514885
0.146001
0.166522
0.10966
0.046315
0.192629
0.184618
0.199215
0.212407
0.218162
0.191117
0.1039
0.0899703
0.157974
0.156583
0.152318
0.0873594
0.105368
0.169778
0.196301
0.200135
0.199967
0.129916
0.221301
0.172541
0.198635
0.0946006
0.132437
0.199689
0.0659887
0.196005
0.104461
0.161017
0.155355
0.0464089
0.187888
0.17879
0.0872476
0.120766
0.225932
0.10852
0.196904
0.164001
0.183346
0.174169
0.230095
0.196357
0.054775
0.130268
0.142299
0.0240699
0.186579
0.0681713
0.195553
0.0219493
0.185709
0.101936
0.0818321
0.154733
0.18601
0.00739402
0.00735009
0.207861
0.0947248
0.0436161
0.0225507
0.00968828
0.0398164
0.0104476
0.173229
0.195787
0.00744557
0.103601
0.191987
0.086763
0.211524
0.225478
0.0866883
0.0727321
0.154415
0.178402
0.162434
0.201687
0.202218
0.140906
0.00639647
0.187658
0.19852
0.206263
0.0377232
0.15588
0.164702
0.172046
0.112759
0.189931
0.0271429
0.19939
0.0053384
0.165079
0.190042
0.161945
0.168424
0.193432
0.104012
0.171753
0.204232
0.173111
0.203141
0.167113
0.191604
0.176087
0.00784728
0.216375
0.0756308
0.200765
0.221137
0.204048
0.186362
0.210939
0.0960982
0.185326
0.152085
0.0127531
0.171991
0.0919424
0.209398
0.185671
0.156696
0.186766
0.00533122
0.204629
0.115851
0.150667
0.0034733
0.00613553
0.0220863
0.181723
0.0103152
0.147985
0.175286
0.0662632
0.00656646
0.139858
0.194761
0.177708
0.141972
0.170087
0.178195
0.126522
0.213497
0.174529
0.241293
0.17313
0.207283
0.143494
0.150757
0.169411
0.20313
0.201608
0.194925
0.0833971
0.17768
0.167062
0.185456
0.17502
0.007285
0.202102
0.198711
0.212367
0.222377
0.17739
0.000268492
0.0306152
0.205396
0.169092
0.0866654
0.168879
0.194091
0.0998487
0.14433
0.169307
0.208271
0.176761
0.00453049
0.151274
0.0107127
0.152667
0.152928
0.143726
0.185612
0.103283
0.172049
0.195477
0.161724
0.189259
0.206187
0.220239
0.122522
0.163458
0.0484058
0.069301
0.187799
0.104688
0.089205
0.0952952
0.188991
0.181293
0.16842
0.169614
0.179127
0.15312
0.212187
0.219775
0.17068
0.203475
0.0262097
0.14117
0.176772
0.205759
0.0970379
0.0520831
0.143359
0.188545
0.237945
0.132855
0.186524
0.194624
0.194371
0.201423
0.0512152
0.0972392
0.166365
0.165271
0.2007
0.161292
0.182313
0.16111
0.0625171
0.188606
0.219224
0.164833
0.198093
0.170783
0.167869
0.153475
0.183932
0.204279
0.0163582
0.0564072
0.159314
0.168828
0.179836
0.230981
0.173478
0.175611
0.0414904
0.0773311
0.186318
0.150107
0.0448049
0.0070794
0.0982242
0.183048
0.174609
0.179891
0.204516
0.0631078
0.00842777
0.0415608
0.178604
0.0422015
0.186069
0.171564
0.178857
0.174495
0.1846
0.103562
0.194444
0.0208372
0.0329209
0.0865425
0.164728
0.0945804
0.167682
0.0916914
0.0367453
0.182519
0.20627
0.0749038
0.0116792
0.160405
0.163197
0.0119419
0.0964169
0.0171033
0.139968
0.115214
0.217405
0.164074
0.200116
0.00450645
0.167316
0.145878
0.180241
0.208358
0.140247
0.18391
0.220256
0.14039
0.132335
0.190494
0.192139
0.21293
0.179157
0.177762
0.173842
0.205882
0.158999
0.195039
0.182617
0.194721
0.179998
0.168867
0.166877
0.22301
0.179772
0.203412
0.177525
0.186504
0.0692688
0.161204
0.192838
0.106921
0.0692666
0.199341
0.176426
0.212222
0.173916
0.212118
0.157853
0.182071
0.0226276
0.0235595
0.188451
0.0169971
0.026583
0.0330698
0.0383501
0.102252
0.0659174
0.0174576
0.0355415
0.202184
0.0889342
0.147618
0.0342311
0.149979
0.0517708
0.120474
0.142425
0.219398
0.107181
0.185489
0.050391
0.168524
0.16866
0.161312
0.153911
0.197137
0.168235
0.0251896
0.129479
0.187171
0.0349834
0.173513
0.19605
0.0135575
0.163968
0.0855318
0.172021
0.0287762
0.10059
0.15227
0.149704
0.0490469
0.180632
0.0133655
0.172723
0.0863053
0.0322233
0.184577
0.210432
0.169768
0.147489
0.0178444
0.042028
0.22007
0.014621
0.199564
0.0187831
0.103866
0.00730003
0.211459
0.065383
0.194637
0.214256
0.233195
0.178856
0.167854
0.142042
0.177007
0.130144
0.116968
0.189844
0.185261
0.190893
0.214575
0.18626
0.125391
0.157981
0.226946
0.195852
0.0335455
0.186639
0.19743
0.13643
0.00310562
0.230106
0.182202
0.20559
0.177675
0.199415
0.00578216
0.152522
0.183505
0.147382
0.208261
0.169249
0.0584127
0.204541
0.0424511
0.0251153
0.213325
0.181476
0.0406849
0.0692757
0.192081
0.0934655
0.21083
0.107347
0.144847
0.0313461
0.142736
0.0615274
0.0335171
0.170383
0.211646
0.0627424
0.0335438
0.0276722
0.115381
0.212328
0.185698
0.151601
0.196994
0.209967
0.134011
0.156095
0.0203313
0.0157563
0.0508662
0.190291
0.0324641
0.163545
0.0351892
0.169888
0.18899
0.0515705
0.158735
0.183153
0.163489
0.197031
0.00485976
0.220311
0.0229115
0.16402
0.000111197
0.0920307
0.00568103
0.0238008
0.188394
0.193247
0.180624
0.135784
0.192569
0.171971
0.195501
0.213097
0.162359
0.18492
0.241134
0.0852291
0.0478604
0.0313708
0.0152453
0.174067
0.181738
0.168673
0.154303
0.00732131
0.194956
0.212976
0.173502
0.190027
0.164513
0.12889
0.208754
0.187013
0.122143
0.147007
0.16854
0.192298
0.180402
0.134981
0.219976
0.064263
0.16732
0.182694
0.203501
0.0580525
0.154127
0.194904
0.140005
0.053913
0.204567
0.208962
0.19301
0.162859
0.183779
0.0417422
0.191217
0.0810182
0.200575
0.205175
0.183337
0.0143789
0.210596
0.160431
0.0230098
0.121285
0.260889
0.0302965
0.0984031
0.159823
0.00166577
0.204608
0.0275442
0.0484735
0.179015
0.191366
0.0246072
0.205635
0.206998
0.0907207
0.226617
0.170098
0.0455326
0.210866
0.187812
0.117703
0.167647
0.163746
0.200513
0.166056
0.193169
0.203163
0.19195
0.169944
0.148419
0.156448
0.0402887
0.048318
0.204244
0.169082
0.111151
0.179063
0.176731
0.150579
0.142605
0.187826
0.165958
0.207627
0.151558
0.0116514
0.0312817
0.0269465
0.158966
0.171919
0.142227
0.204565
0.0248241
0.227258
0.18444
0.103415
0.173116
0.183541
0.161631
0.187021
0.187175
0.210117
0.159966
0.223656
0.20252
0.120361
0.076757
0.153589
0.213304
0.169688
0.161059
0.122626
0.189396
0.188056
0.14582
0.13077
0.00425294
0.181604
0.16137
0.165299
0.0811359
0.164906
0.0451717
0.172131
0.18283
0.0228425
0.00131186
0.234311
0.181378
0.191103
0.144722
0.181112
0.157748
0.0765479
0.186182
0.162313
0.134828
0.0353727
0.0699402
0.176372
0.202473
0.191488
0.203451
0.169664
0.143458
0.00535756
0.205748
0.226051
0.147159
0.0726312
0.214636
0.198903
0.0145844
0.205953
0.0687718
0.086293
0.213209
0.17388
0.185495
0.077365
0.138554
0.010951
0.162566
0.0163088
0.143832
0.221007
0.191154
0.151398
0.164887
0.208382
0.197108
0.166379
0.0375621
0.0471916
0.0298221
0.192313
0.198538
0.0116934
0.0303367
0.0281415
0.198277
0.00843521
0.170371
0.0222111
0.0710833
0.0953692
0.0114589
0.177392
0.0633348
0.0509808
0.0571824
0.00810168
0.167438
0.0211208
0.0561179
0.181355
0.150575
0.183619
0.184938
0.199544
0.218354
0.21264
0.174129
0.211103
0.213113
0.185736
0.179152
0.179204
0.173652
0.115538
0.176348
0.18231
0.231202
0.180753
0.194579
0.160772
0.185594
0.21413
0.104107
0.207465
0.177894
0.101219
0.201769
0.212292
0.188782
0.106427
0.148666
0.208329
0.213614
0.158593
0.194136
0.0568101
0.190661
0.169528
0.168306
0.0393435
0.00297773
0.15948
0.120436
0.157496
0.194725
0.195004
0.00848611
0.166277
0.191874
0.237712
0.163191
0.0155375
0.00274925
0.226957
0.0479857
0.147101
0.193353
0.120112
0.181058
0.187281
0.0294108
0.185619
0.218264
0.188426
0.076035
0.190772
0.0613457
0.00424161
0.191501
0.0421863
0.202063
0.196456
0.147723
0.0831587
0.0380516
0.200927
0.198545
0.191329
0.13666
0.00870593
0.165932
0.172048
0.171207
0.173277
0.0874282
0.00982133
0.0220315
0.200591
0.0750165
0.22113
0.147057
0.1823
0.0512436
0.0468767
0.169604
0.0666525
0.182561
0.043573
0.0321741
0.259318
0.210412
0.169067
0.185048
0.188659
0.14039
0.206295
0.149407
0.148847
0.194258
0.193878
0.20053
0.231596
0.180077
0.0744652
0.175125
0.167247
0.153417
0.169899
0.0279522
0.204136
0.224199
0.15567
0.220966
0.169313
0.236343
0.146686
0.125747
0.165957
0.0453728
0.115024
0.217539
0.152918
0.124359
0.170882
0.0265692
0.185459
0.155527
0.187097
0.0561074
0.186235
0.0262397
0.148091
0.0077766
0.104498
0.200023
0.192054
0.00494821
0.176175
0.149515
0.060019
0.19592
0.1998
0.18186
0.0824048
0.0310259
0.086822
0.0889835
0.21515
0.201081
0.0608766
0.0363321
0.147857
0.180714
0.00194288
0.174892
0.0440969
0.0333477
0.108681
0.0137288
0.194588
0.0713473
0.188359
0.170273
0.166305
0.0529001
0.176401
0.00101507
0.132734
0.0266235
0.215862
0.184868
0.0256216
0.210203
0.056017
0.115896
0.138664
0.182122
0.137225
0.110633
0.173579
0.141263
0.171665
0.134686
0.189466
0.202354
0.196109
0.181991
0.171489
0.181057
0.177116
0.169444
0.181633
0.184724
0.164608
0.184367
0.198711
0.202702
0.166579
0.172
0.220661
0.093054
0.141418
0.154724
0.0683624
0.187024
0.129665
0.1306
0.187337
0.210946
0.193791
0.150187
0.154439
0.149329
0.213507
0.00148204
0.0738414
0.163868
0.165988
0.0693372
0.0385491
0.179982
0.116323
0.16047
0.0924921
0.0915582
0.0255856
0.197423
0.201192
0.182784
0.180894
0.00320238
0.175912
0.157758
0.205221
0.226682
0.0107021
0.162331
0.00361084
0.135774
0.14785
0.0346003
0.180029
0.194703
0.235911
0.144752
0.0315581
0.202653
0.0616871
0.001701
0.0205626
0.165172
0.177259
0.0485876
0.204133
0.166337
0.171005
0.196229
0.148297
0.0550662
0.165466
0.12326
0.175633
0.101709
0.140357
0.0211798
0.204604
0.172328
0.149366
0.141011
0.142562
0.0331517
0.0230141
0.0359631
0.203438
0.14564
0.11845
0.18707
0.214323
0.179033
0.0599976
0.124134
0.155704
0.15143
0.162388
0.209937
0.036358
0.203378
0.175912
0.195875
0.192117
0.20088
0.167672
0.183842
0.208903
0.19629
0.174819
0.133528
0.189178
0.195474
0.0963993
0.087328
0.164226
0.216761
0.15683
0.127241
0.152019
0.186569
0.0578987
0.181323
0.185371
0.189442
0.0989902
0.197196
0.216985
0.05739
0.130592
0.194214
0.205977
0.117137
0.201075
0.197687
0.0399242
0.187734
0.152119
0.153747
0.0936701
0.182617
0.170613
0.210226
0.200942
0.0227501
0.0771936
0.0447543
0.169036
0.188198
0.180708
0.000278132
0.172133
0.0286599
0.237675
0.18288
0.0229
0.0531923
0.263243
0.206959
0.0169403
0.177637
0.2096
0.207907
0.198056
0.175107
0.0202739
0.110389
0.0149153
0.192313
0.0699052
0.233433
0.164251
0.197343
0.227722
0.206653
0.196852
0.0381121
0.147275
0.173062
0.135335
0.0151591
0.232693
0.221684
0.0567993
0.0926471
0.137221
0.189009
0.168204
0.14381
0.149872
0.147809
0.162742
0.175558
0.176932
0.198937
0.20352
0.2008
0.0127258
0.178018
0.138249
0.183107
0.183544
0.0115246
0.126278
0.0813318
0.183258
0.191869
0.184465
0.215184
0.201488
0.227782
0.157079
0.211337
0.184072
0.170101
0.164601
0.174667
0.17826
0.174506
0.193038
0.215396
0.185207
0.164126
0.187813
0.187717
0.202218
0.188474
0.226235
0.153537
0.0427605
0.134719
0.0396237
0.103396
0.157484
0.200421
0.168605
0.14524
0.19793
0.194692
0.176939
0.206148
0.151875
0.00330112
0.176611
0.215744
0.189539
0.095479
0.138472
0.170127
0.0339937
0.00827946
0.0858121
0.22649
0.115436
0.191328
0.216252
0.0479608
0.17027
0.0489233
0.0960599
0.214806
0.181637
0.176614
0.203317
0.202829
0.16619
0.103653
0.165614
0.0230809
0.0239194
0.0818258
0.0237027
0.026443
0.174439
0.0875792
0.0364608
0.136498
0.214818
0.00686042
0.0149256
0.192138
0.109956
0.193515
0.0310884
0.201579
0.183517
0.18576
0.0804459
0.200164
0.179748
0.210578
0.193472
0.217563
0.015611
0.101381
0.175907
0.0442747
0.176897
0.212816
0.176047
0.165423
0.109664
0.0814495
0.0729691
0.190061
0.182613
0.0597041
0.160472
0.0395989
0.163191
0.156775
0.0773668
0.204418
0.185094
0.176624
0.168004
0.12541
0.190607
0.11565
0.161555
0.215062
0.183555
0.169257
0.0121695
0.186711
0.19072
0.156377
0.0750268
0.227829
0.203176
0.216245
0.145515
0.161424
0.0960535
0.187011
0.196913
0.178097
0.0963128
0.145141
0.207012
0.105436
0.178765
0.15384
0.21117
0.0329529
0.0115357
0.181687
0.0564491
0.163769
0.162367
0.209916
0.197321
0.0364124
0.167717
0.14959
0.194238
0.00990086
0.0106403
0.0956304
0.199479
0.046512
0.156289
0.0813025
0.152754
0.162045
0.134181
0.09583
0.155912
0.0603072
0.149916
0.0609455
0.0428638
0.113579
0.17378
0.0701761
0.0152224
0.016049
0.109225
0.150246
0.0842454
0.0811126
0.19054
0.0588091
0.219764
0.175693
0.0320727
0.200733
0.0121225
0.172836
0.196858
0.206343
0.189594
0.0157137
0.221466
0.0431951
0.0809524
0.00837521
0.0970421
0.0819831
0.07972
0.214421
0.175947
0.0567456
0.173082
0.055395
0.203097
0.189912
0.169898
0.168091
0.173548
0.181767
0.179693
0.152625
0.177058
0.183646
0.203188
0.159333
0.135647
0.178606
0.161448
0.172223
0.198267
0.182564
0.153425
0.162037
0.19161
0.230704
0.207494
0.173795
0.176531
0.0530063
0.0873398
0.183316
0.0208256
0.0119514
0.0257764
0.0546236
0.182127
0.107572
0.0186048
0.183164
0.0394411
0.126717
0.126001
0.142474
0.175497
0.0235266
0.0356755
0.186027
0.118911
0.184692
0.198265
0.1247
0.112133
0.195524
0.0497913
0.190762
0.103022
0.138532
0.0978017
0.0201785
0.113316
0.213626
0.037556
0.186278
0.197858
0.00204708
0.163062
0.234102
0.197276
0.179173
0.0608054
0.212061
0.160509
0.139993
0.166193
0.174955
0.187296
0.0455471
0.134574
0.204755
0.192059
0.0786534
0.212889
0.223811
0.199217
0.115649
0.187744
0.0401095
0.00680992
0.196962
0.168979
0.0654542
0.18804
0.164029
0.122155
0.0136665
0.152974
0.168891
0.0344625
0.181732
0.0815316
0.134047
0.142394
0.101759
0.131813
0.170329
0.117291
0.22489
0.152416
0.157932
0.159559
0.114952
0.146831
0.207524
0.185954
0.188403
0.201644
0.0317805
0.152388
0.238287
0.112101
0.218031
0.205585
0.201584
0.146118
0.102976
0.0714171
0.0633928
0.143399
0.0345582
0.170939
0.147225
0.179765
0.0507623
0.0845844
0.174789
0.113025
0.153687
0.0432959
0.123198
0.114249
0.0423005
0.074037
0.132992
0.060295
0.165765
0.00471884
0.0784889
0.175166
0.14591
0.184675
0.196283
0.083114
0.160106
0.173536
0.192184
0.196876
0.189828
0.0115269
0.180564
0.194918
0.0828422
0.199014
0.148132
0.0366588
0.00858101
0.189973
0.101657
0.00715998
0.236487
0.223371
0.108397
0.196152
0.0907972
0.0267159
0.183385
0.157353
0.128979
0.155189
0.0307997
0.110816
0.181838
0.143325
0.0904627
0.164076
0.206647
0.0974427
0.0616297
0.0227985
0.0308837
0.0662688
0.171868
0.15742
0.158806
0.021629
0.189529
0.171792
0.209855
0.150155
0.0779944
0.136816
0.142155
0.203821
0.204307
0.213983
0.206879
0.158277
0.211775
0.103307
0.213563
0.104334
0.188136
0.198915
0.227208
0.218128
0.167946
0.194677
0.174182
0.180402
0.176053
0.197726
0.156576
0.20228
0.166472
0.141123
0.19464
0.15469
0.189295
0.230684
0.186831
0.162862
0.17573
0.167306
0.195082
0.0197032
0.124408
0.15251
0.010068
0.183366
0.199134
0.184546
0.0665199
0.0608649
0.195402
0.111773
0.161745
0.112993
0.201879
0.164183
0.169396
0.0831411
0.163779
0.182501
0.109257
0.0431196
0.00725143
0.00631374
0.149333
0.124226
0.157517
0.0369926
0.200225
0.111681
0.0378567
0.099645
0.154824
0.177613
0.244644
0.202937
0.180223
0.0413394
0.0329293
0.178752
0.124548
0.0603683
0.178767
0.0329174
0.197551
0.190474
0.194476
0.217751
0.00955483
0.123319
0.179257
0.0478289
0.162915
0.194371
0.0607249
0.185236
0.0177428
0.209008
0.182029
0.0761471
0.133906
0.00247883
0.0454585
0.0390497
0.203774
0.210579
0.026631
0.155446
0.182597
0.196953
0.213452
0.192785
0.16995
0.173462
0.141577
0.183211
0.179139
0.214819
0.21921
0.173589
0.188866
0.166453
0.0907494
0.188836
0.0488434
0.23528
0.186906
0.0740363
0.18924
0.17981
0.220122
0.0248874
0.172521
0.228636
0.183261
0.124046
0.172229
0.182316
0.223724
0.21611
0.00713548
0.213576
0.0563177
0.219849
0.196269
0.0999273
0.0282919
0.173069
0.150801
0.144505
0.178254
0.179794
0.204002
0.192934
0.00821118
0.202476
0.0199028
0.0842531
0.106118
0.178555
0.178149
0.0849348
0.023198
0.175926
0.124625
0.208364
0.161846
0.0183165
0.13085
0.0359667
0.153635
0.162212
0.17466
0.0827094
0.189713
0.210273
0.00615447
0.109815
0.201293
0.16822
0.134703
0.0363478
0.19736
0.169711
0.204971
0.180972
0.176481
0.0909523
0.196188
0.0354126
0.229845
0.20609
0.148076
0.17392
0.147524
0.0328271
0.15658
0.0955666
0.200083
0.104861
0.0814141
0.0222207
0.170235
0.169575
0.00464315
0.0899766
0.0678466
0.163939
0.0560435
0.185189
0.190933
0.182844
0.185494
0.201657
0.173179
0.187213
0.210992
0.173462
0.173929
0.215481
0.187325
0.217131
0.214937
0.179001
0.176329
0.198066
0.199941
0.198397
0.0217659
0.0441757
0.19481
0.227006
0.177918
0.200739
0.137795
0.0477185
0.0826647
0.0711191
0.189648
0.195827
0.15838
0.182044
0.0759972
0.209638
0.206665
0.0745901
0.198507
0.178732
0.208135
0.210005
0.158886
0.0191963
0.209794
0.163541
0.166322
0.208093
0.139126
0.00355793
0.194741
0.00929801
0.191418
0.201507
0.138797
0.00486114
0.045385
0.0614168
0.194723
0.189454
0.070105
0.19225
0.248427
0.111642
0.0494207
0.0882336
0.042563
0.11483
0.201787
0.16799
0.00319027
0.216846
0.19475
0.167688
0.203272
0.132135
0.166228
0.203551
0.12913
0.196573
0.0291804
0.189518
0.174432
0.0790144
0.179108
0.215376
0.0588834
0.157666
0.160389
0.00249869
0.156701
0.121741
0.148754
0.0797797
0.14976
0.0441631
0.197726
0.129533
0.0199867
0.206823
0.0344547
0.217715
0.185366
0.218997
0.199387
0.166106
0.199726
0.203712
0.144177
0.183211
0.136314
0.199844
0.186356
0.170804
0.142166
0.190834
0.201453
0.210448
0.198478
0.166081
0.200603
0.0562333
0.158572
0.143983
0.193307
0.152983
0.204174
0.114091
0.218289
0.186261
0.0240896
0.164317
0.211913
0.0305574
0.203886
0.130593
0.127736
0.0319668
0.205614
0.0221035
0.0484267
0.130625
0.126271
0.206471
0.193649
0.189892
0.0171272
0.0540707
0.0743295
0.00289667
0.236971
0.0521017
0.168482
0.207103
0.174795
0.189892
0.083651
0.21556
0.0938374
0.0364446
0.175278
0.0468964
0.0692102
0.11966
0.146467
0.0548263
0.19831
0.138608
0.0112715
0.0366009
0.00113852
0.0676516
0.0011178
0.1707
0.186391
0.01095
0.202174
0.130957
0.0743809
0.20254
0.175473
0.155146
0.220387
0.193022
0.200473
0.0435027
0.022876
0.20275
0.0751408
0.195933
0.213786
0.216987
0.0267736
0.21416
0.191071
0.0954962
0.177185
0.205778
0.172129
0.0806455
0.127826
0.184236
0.0327517
0.176622
0.196347
0.14499
0.12598
0.182718
0.1805
0.188151
0.204914
0.213437
0.229829
0.158563
0.204011
0.186092
0.202047
0.127022
0.177042
0.114033
0.202499
0.163013
0.0211051
0.200472
0.100122
0.205732
0.191513
0.194725
0.243554
0.157637
0.176924
0.227022
0.195862
0.0396702
0.196245
0.204849
0.122685
0.0784858
0.058851
0.142446
0.0349203
0.0683766
0.0816536
0.142879
0.0206178
0.0273727
0.181757
0.144202
0.196119
0.033013
0.0405215
0.0516391
0.045617
0.221786
0.20995
0.0268226
0.218218
0.0499204
0.202678
0.083857
0.183162
0.0311445
0.0649348
0.00811587
0.200956
0.040132
0.150256
0.0188223
0.021268
0.0179632
0.196273
0.177446
0.0384095
0.210743
0.194736
0.17945
0.176649
0.0499586
0.202383
0.186238
0.205001
0.143519
0.161123
0.152791
0.191942
0.208403
0.188607
0.211909
0.15705
0.224605
0.0852364
0.0467888
0.153396
0.217974
0.00597958
0.060337
0.166583
0.00240204
0.00850472
0.0695865
0.204121
0.045861
0.0761166
0.228195
0.141628
0.207031
0.19023
0.214682
0.17582
0.241909
0.20578
0.188392
0.0336616
0.152238
0.21712
0.0235807
0.163165
0.221577
0.0833947
0.128435
0.0841224
0.0543498
0.227142
0.12874
0.169108
0.205547
0.190231
0.185787
0.147527
0.196197
0.183861
0.204663
0.0550706
0.192211
0.183959
0.243889
0.0101548
0.161329
0.231495
0.0217289
0.106015
0.202453
0.174048
0.0485696
0.103242
0.141272
0.0441007
0.227267
0.20551
0.0447329
0.104041
0.0692946
0.149918
0.182233
0.23213
0.14784
0.188096
0.143602
0.0524661
0.170985
0.169477
0.168946
0.0611047
0.182632
0.168359
0.169914
0.0158289
0.181679
0.140465
0.0712269
0.0742894
0.223624
0.151368
0.230652
0.20002
0.0347166
0.197971
0.0371785
0.0368422
0.0215032
0.0460325
0.201254
0.156711
0.148581
0.00780274
0.00223381
0.153607
0.175028
0.0912019
0.117524
0.0360965
0.190952
0.199252
0.208072
0.163539
0.0245268
0.0427271
0.207597
0.155527
0.02654
0.229563
0.109062
0.188191
0.217849
0.189897
0.215675
0.173138
0.210349
0.111753
0.16467
0.169046
0.188642
0.0644294
0.205146
0.177723
0.182274
0.137138
0.0248928
0.234564
0.227256
0.144329
0.144632
0.235622
0.1994
0.175282
0.180852
0.00838858
0.0418797
0.148471
0.218957
0.0253907
0.129754
0.233754
0.176225
0.180433
0.195581
0.194168
0.177356
0.192735
0.231356
0.165968
0.149681
0.184032
0.0150408
0.215214
0.158678
0.0608881
0.171714
0.190379
0.0744991
0.137645
0.159274
0.0360137
0.213621
0.201038
0.19417
0.167697
0.17444
0.19983
0.0812363
0.184341
0.185683
0.0924748
0.169599
0.195981
0.226203
0.0387625
0.196029
0.212136
0.0048166
0.192087
0.0116873
0.16915
0.220132
0.180906
0.144707
0.0833068
0.193509
0.168269
0.193102
0.00529038
0.167095
0.200446
0.189106
0.0209365
0.170729
0.0268258
0.204856
0.205294
0.0204051
0.173848
0.21758
0.173666
0.157498
0.205458
0.205586
0.170373
0.083576
0.18827
0.162195
0.15112
0.186858
0.202749
0.230678
0.195139
0.148334
0.138681
0.151898
0.230106
0.157472
0.176977
0.205883
0.170367
0.197746
0.209529
0.168177
0.18916
0.234024
0.205941
0.170611
0.1804
0.193063
0.180763
0.22815
0.18409
0.140121
0.251776
0.161866
0.182317
0.169296
0.208336
0.253737
0.185842
0.203123
0.207935
0.202111
0.185332
0.193409
0.146822
0.164583
0.161406
0.202122
0.192391
0.207772
0.205935
0.218056
0.212625
0.185942
0.134165
0.154748
0.232309
0.200001
0.127089
0.151043
0.0369677
0.0283753
0.168446
0.0585591
0.206822
0.239428
0.148116
0.216202
0.219136
0.226589
0.000530992
0.19831
0.215011
0.06182
0.215406
0.218559
0.00206898
0.196563
0.204096
0.183551
0.147317
0.0144749
0.247417
0.03565
0.129368
0.14002
0.0403871
0.091586
0.175108
0.0660998
0.233532
0.00242127
0.0423479
0.00108714
0.01892
0.153228
0.185141
0.156181
0.2091
0.191373
0.197437
0.191702
0.200339
0.0977653
0.0605116
0.204979
0.20198
0.212166
0.0101028
0.132945
0.191531
0.194099
0.152796
0.207175
0.196045
0.19304
0.198156
0.0405039
0.218312
0.175944
0.166751
0.130862
0.187036
0.168922
0.130489
0.167067
0.17866
0.177195
0.257023
0.195103
0.21161
0.178751
0.187358
0.224095
0.225715
0.210364
0.0223342
0.183344
0.0023398
0.164318
0.215964
0.147582
0.226226
0.203662
0.183125
0.170323
0.137087
0.0330707
0.221606
0.235443
0.125424
0.127874
0.133482
0.122024
0.0954232
0.168533
0.0092149
0.201804
0.0158125
0.0605081
0.235495
0.214957
0.19429
0.23227
0.22755
0.21159
0.112803
0.181219
0.147468
0.171219
0.17922
0.218761
0.202037
0.196394
0.173843
0.175288
0.182012
0.153003
0.109901
0.241103
0.156988
0.177992
0.20147
0.0262757
0.0136314
0.0156405
0.0463163
0.210161
0.212569
0.0617317
0.143886
0.201765
0.0092284
0.153049
0.214411
0.0298995
0.0663361
0.168487
0.00285064
0.213537
0.0340181
0.00146043
0.184391
0.195157
0.137735
0.211839
0.0361232
0.0218292
0.184636
0.21366
0.211193
0.14249
0.156676
0.151891
0.219526
0.224883
0.1811
0.18152
0.162504
0.161442
0.184542
0.23381
0.151085
0.216518
0.201987
0.185233
0.0289757
0.201086
0.0553756
0.196124
0.208463
0.193438
0.221761
0.203617
0.180332
0.182979
0.234169
0.210248
0.208228
0.188316
0.206083
0.187236
0.202777
0.00987
0.174126
0.231117
0.0649867
0.196633
0.128962
0.143317
0.192522
0.143188
0.0591509
0.0362199
0.0889502
0.198052
0.148854
0.0182473
0.230758
0.0300497
0.0196303
0.0934336
0.230532
0.0279585
0.136304
0.186505
0.184383
0.192623
0.0384584
0.176381
0.207901
0.180059
0.218114
0.199649
0.21249
0.0636572
0.0253573
0.0679772
0.18455
0.223462
0.22954
0.046068
0.208526
0.184813
0.187459
0.0231779
0.0111473
0.164416
0.0271183
0.0214346
0.00797589
0.112549
0.142953
0.1847
0.201259
0.227917
0.188928
0.0226511
0.220216
0.211437
0.173008
0.156856
0.227119
0.0521592
0.0350695
0.0964388
0.0753702
0.0815495
0.0286353
0.184754
0.183953
0.152583
0.227185
0.145262
0.029812
0.150429
0.118737
0.183832
0.205217
0.0828224
0.24661
0.229252
0.0109858
0.20462
0.0406637
0.187971
0.189851
0.21903
0.0293007
0.0185598
0.0468239
0.045868
0.182273
0.19683
0.239573
0.224655
0.201294
0.0167872
0.00448726
0.22679
0.0945518
0.19128
0.127695
0.0339378
0.227405
0.215867
0.131642
0.198666
0.108277
0.156406
0.0327201
0.0568305
0.192074
0.211081
0.0464786
0.192411
0.238403
0.216984
0.0661291
0.0130948
0.0104221
0.2159
0.0334249
0.209569
0.0553702
0.217642
0.145347
0.00363655
0.113443
0.232964
0.208331
0.0116071
0.15984
0.219111
0.17769
0.00647201
0.192278
0.164933
0.0201661
0.212054
0.195032
0.148446
0.177305
0.144113
0.203169
0.210121
0.0854006
0.154786
0.0724585
0.0601939
0.150828
0.20335
0.217496
0.0976964
0.181002
0.15614
0.1868
0.0244968
0.0442646
0.142926
0.0170365
0.189169
0.202641
0.0236065
0.209758
0.111409
0.214059
0.21307
0.0367679
0.207244
0.223901
0.19667
0.215498
0.224237
0.20112
0.192931
0.209632
0.173908
0.175593
0.17144
0.194795
0.187613
0.0162285
0.221227
0.207929
0.192907
0.210753
0.200852
0.0486439
0.16512
0.199741
0.0580894
0.188474
0.217709
0.18019
0.175746
0.2087
0.0497285
0.170778
0.19777
0.189704
0.22233
0.104904
0.208026
0.222197
0.181355
0.226065
0.184366
0.220558
0.0186306
0.0192145
0.0706701
0.0161967
0.0634324
0.00289905
0.013777
0.20038
0.215219
0.198528
0.237829
0.242792
0.2098
0.176872
0.182805
0.165097
0.179621
0.0165051
0.0305705
0.187792
0.193056
0.000955088
0.220018
0.148236
0.0782377
0.223386
0.200765
0.162231
0.192603
0.214836
0.191068
0.135468
0.181848
0.183738
0.200978
0.0430489
0.210473
0.222744
0.204033
0.0797194
0.188002
0.0601598
0.0749228
0.194401
0.220611
0.204182
0.196088
0.205207
0.22422
0.0813366
0.20094
0.00716708
0.239903
0.0618711
0.193834
0.223283
0.019186
0.100065
0.0574885
0.213135
0.210084
0.212066
0.195346
0.205803
0.228667
0.200079
0.194879
0.162121
0.141562
0.221846
0.132473
0.160706
0.219054
0.191916
0.226992
0.193223
0.0875188
0.149722
0.152013
0.00883328
0.216564
0.198984
0.166389
0.230297
0.229826
0.205794
0.202252
0.104447
0.136068
0.0492946
0.218935
0.188002
0.242042
0.212762
0.072367
0.0214681
0.0772177
0.217759
0.198059
0.110503
0.105406
0.218741
0.164359
0.170913
0.227874
0.00143388
0.18498
0.226536
0.192795
0.199014
0.0156676
0.0578858
0.0303951
0.0658876
0.153813
0.214309
0.202978
0.205806
0.0085539
0.00517757
0.0182172
0.201491
0.21817
0.154588
0.00853836
0.0544264
0.195559
0.176836
0.200769
0.192022
0.185175
0.0305045
0.21203
0.244286
0.203564
0.206518
0.206155
0.0125883
0.0495072
0.0140412
0.21383
0.202222
0.155239
0.176218
0.185784
0.228266
0.106328
0.213353
0.199515
0.195507
0.227423
0.234497
0.179611
0.170992
0.0649637
0.193132
0.182483
0.196867
0.19209
0.226039
0.191101
0.223191
0.218913
0.201533
0.234239
0.171901
0.15626
0.193981
0.214151
0.215527
0.22147
0.145968
0.196239
0.204716
0.0210004
0.213733
0.23747
0.199969
0.0404659
0.0376172
0.151682
0.233642
0.0133332
0.143416
0.199846
0.174597
0.182207
0.202118
0.243935
0.222234
0.238042
0.185652
0.161402
0.20249
0.0582301
0.175533
0.00201779
0.248516
0.22078
0.197609
0.179245
0.189646
0.164672
0.217098
0.0539643
0.184103
0.137291
0.232639
0.194813
0.0355918
0.211302
0.00379122
0.181139
0.209108
0.156257
0.199853
0.0704211
0.0516857
0.0453415
0.0858006
0.157909
0.180987
0.0309285
0.0346364
0.150342
0.181122
0.0324465
0.208766
0.0195845
0.0821623
0.220023
0.0749221
0.199975
0.216442
0.00150786
0.207162
0.187337
0.0325479
0.0255402
0.20785
0.114342
0.13113
0.181153
0.225828
0.0443718
0.213002
0.17843
0.0425593
0.0833331
0.120468
0.0291116
0.155783
0.199814
0.0233996
0.0393711
0.0839991
0.198062
0.0150346
0.203702
0.0571223
0.183249
0.188849
0.192791
0.195803
0.210721
0.159199
0.225755
0.228689
0.187067
0.14354
0.0171734
0.147537
0.226201
0.184372
0.0916048
0.190637
0.197624
0.153763
0.187135
0.216722
0.190432
0.180604
0.200773
0.212488
0.183605
0.236508
0.0103429
0.0471365
0.0790256
0.0672213
0.0812335
0.0362823
0.177539
0.125648
0.229026
0.0495672
0.205846
0.239362
0.0327843
0.215935
0.0321603
0.0165352
0.0231747
0.238589
0.0800987
0.181118
0.00923506
0.0338342
0.18852
0.131215
0.0107597
0.134735
0.0206234
0.19115
0.23582
0.0181078
0.213302
0.182648
0.196068
0.0671092
0.11825
0.152739
0.0647518
0.176426
0.230642
0.137439
0.20402
0.164704
0.223461
0.197395
0.0100802
0.0964716
0.203291
0.0150674
0.225093
0.209835
0.0339851
0.208061
0.237668
0.0794509
0.174011
0.180349
0.236586
0.234743
0.160734
0.201818
0.189434
0.197588
0.0977376
0.177601
0.199016
0.219046
0.0340785
0.0166382
0.0375811
0.182948
0.198285
0.22824
0.107012
0.187441
0.187122
0.197227
0.151609
0.186952
0.187537
0.206736
0.203538
0.133532
0.177771
0.20594
0.187824
0.227359
0.211353
0.173418
0.221857
0.189559
0.176706
0.17235
0.218308
0.192843
0.129304
0.225577
0.0761757
0.191959
0.032724
0.205008
0.18931
0.179829
0.159494
0.0806234
0.0820852
0.0699136
0.0702325
0.203436
0.249205
0.235232
0.202083
0.224977
0.125175
0.147168
0.0261252
0.218934
0.185354
0.208834
0.240835
0.169259
0.192626
0.198589
0.152952
0.223318
0.131985
0.0365178
0.109262
0.207224
0.134504
0.0306768
0.0740781
0.182174
0.143397
0.191638
0.224796
0.210199
0.021124
0.213942
0.0125875
0.23874
0.0163457
0.154206
0.213516
0.167773
0.0333341
0.00145633
0.218919
0.166566
0.209436
0.0420788
0.122049
0.228912
0.0710604
0.190288
0.197974
0.108478
0.22288
0.0890216
0.210388
0.104658
0.216164
0.212252
0.0133411
0.0335237
0.234246
0.201984
0.197888
0.0574146
0.203362
0.0913748
0.17575
0.210802
0.241049
0.231606
0.215166
0.185358
0.190629
0.204426
0.171827
0.240203
0.208699
0.192444
0.123062
0.171268
0.194267
0.0991674
0.183758
0.219845
0.14423
0.229742
0.186671
0.22826
0.1758
0.170755
0.210751
0.0924404
0.17933
0.217865
0.169265
0.21375
0.0453962
0.20357
0.100281
0.113216
0.200813
0.176311
0.190528
0.115487
0.0514405
0.163632
0.224511
0.224863
0.166896
0.0931493
0.120624
0.0553434
0.125757
0.209596
0.194961
0.197702
0.221478
0.243093
0.170638
0.173026
0.224906
0.237008
0.181017
0.0573228
0.21691
0.198902
0.0239182
0.195009
0.0412079
0.204264
0.209517
0.191556
0.11423
0.00571946
0.04681
0.0391726
0.0456999
0.224697
0.185772
0.211107
0.178626
0.227065
0.193686
0.18648
0.0719807
0.193513
0.132416
0.202886
0.199418
0.162299
0.19282
0.069066
0.18705
0.22429
0.191729
0.158972
0.175769
0.0409547
0.0388827
0.0221416
0.191351
0.00324801
0.176963
0.0915481
0.229153
0.24741
0.166448
0.201674
0.182732
0.188998
0.223331
0.187328
0.159113
0.0996247
0.236121
0.167133
0.190506
0.228808
0.0156578
0.239164
0.234302
0.248575
0.210614
0.0276401
0.221127
0.23089
0.0318417
0.194433
0.230834
0.0635485
0.204124
0.235699
0.173008
0.191018
0.195459
0.18695
0.222125
0.140722
0.241983
0.0925933
0.21338
0.148873
0.0314389
0.159778
0.191289
0.152456
0.196755
0.127795
0.136471
0.228278
0.187143
0.137587
0.0291261
0.174962
0.180314
0.182139
0.218861
0.203556
0.062515
0.194571
0.207951
0.106513
0.251106
0.0793608
0.122165
0.200868
0.0145454
0.175048
0.0875118
0.038251
0.205595
0.0978534
0.212798
0.130742
0.00803588
0.181164
0.0526925
0.164552
0.0722719
0.236058
0.182605
0.215822
0.237349
0.0356567
0.180504
0.198418
0.0877872
0.0901938
0.136459
0.188552
0.189862
0.16595
0.201159
0.199027
0.144312
0.191272
0.00242093
0.00791184
0.207609
0.187108
0.189593
0.145221
0.202246
0.11646
0.192344
0.0480432
0.00996962
0.184944
0.0852231
0.119746
0.190025
0.211748
0.169788
0.195112
0.18838
0.21461
0.196792
0.228544
0.168922
0.214103
0.222353
0.228954
0.176926
0.177216
0.150569
0.217601
0.210709
0.199734
0.229768
0.108002
0.214099
0.215137
0.0678978
0.218882
0.0421224
0.238866
0.18951
0.239389
0.0128377
0.192877
0.160515
0.162177
0.14344
0.0147506
0.0426299
0.00151662
0.161089
0.165639
0.143942
0.0220935
0.175668
0.191485
0.191103
0.055579
0.211141
0.220876
0.223894
0.184724
0.00691592
0.13102
0.228627
0.05861
0.163659
0.227441
0.0250674
0.228658
0.0193812
0.0465291
0.177758
0.0819082
0.0528959
0.102895
0.0609873
0.204281
0.0128833
0.0685639
0.0925366
0.207358
0.07722
0.107437
0.150767
0.16298
0.214559
0.111954
0.1922
0.00575706
0.20086
0.112368
0.0565312
0.199922
0.163219
0.148281
0.0519188
0.190822
0.0716829
0.0598897
0.179347
0.23048
0.188873
0.0330171
0.185031
0.0237845
0.154216
0.181407
0.0899213
0.188473
0.0410512
0.199448
0.187496
0.199705
0.20373
0.201651
0.226579
0.184257
0.166852
0.0584117
0.178299
0.0189417
0.234995
0.169578
0.195673
0.197054
0.191708
0.161259
0.217741
0.0969153
0.0844282
0.216875
0.0681664
0.163978
0.0287969
0.0444776
0.200357
0.192794
0.161538
0.109821
0.15943
0.110534
0.0255387
0.169369
0.21109
0.0628108
0.158066
0.159664
0.204539
0.113087
0.0826483
0.172634
0.212709
0.16042
0.0284414
0.202162
0.0130291
0.0552233
0.193847
0.136605
0.193403
0.160081
0.217622
0.194041
0.216194
0.148534
0.106597
0.023429
0.2258
0.206818
0.209461
0.176068
0.0465764
0.0122199
0.208667
0.0097779
0.138385
0.223116
0.215967
0.198936
0.171977
0.198077
0.110162
0.00615438
0.0667087
0.186123
0.0405766
0.197152
0.0657388
0.203871
0.212912
0.150811
0.140165
0.12819
0.211546
0.193848
0.0129173
0.224183
0.164786
0.0279745
0.22544
0.126044
0.00986718
0.1183
0.202588
0.120261
0.195191
0.0384952
0.116202
0.188924
0.186836
0.204594
0.0641726
0.145465
0.0949701
0.166589
0.177592
0.209173
0.111108
0.207386
0.0674657
0.115455
0.125108
0.0912151
0.197733
0.200218
0.168668
0.15732
0.189415
0.0910464
0.181118
0.192716
0.193485
0.183624
0.114529
0.172784
0.176391
0.221086
0.174577
0.124872
0.00553981
0.225855
0.146557
0.214404
0.229409
0.216469
0.192152
0.136434
0.228567
0.232614
0.147901
0.225345
0.199567
0.194115
0.186253
0.145895
0.246729
0.179361
0.205895
0.199988
0.177942
0.222835
0.0854367
0.199986
0.126919
0.182172
0.210274
0.0420101
0.163702
0.235433
0.219057
0.084483
0.223435
0.166195
0.194856
0.140088
0.0456151
0.186144
0.026993
0.0514951
0.223736
0.209307
0.179778
0.100239
0.168115
0.212564
0.0108835
0.151324
0.172563
0.173115
0.0889036
0.0725297
0.199929
0.196796
0.209002
0.193152
0.185777
0.134883
0.050343
0.1224
0.220519
0.180076
0.0619519
0.0781399
0.154901
0.0535735
0.199372
0.0879553
0.196214
0.150706
0.0260342
0.264766
0.0134356
0.017919
0.202984
0.213863
0.149385
0.209297
0.212513
0.179614
0.152543
0.182313
0.221508
0.143905
0.206295
0.194416
0.140284
0.0270867
0.133625
0.175968
0.148749
0.18877
0.160036
0.218789
0.0276632
0.181435
0.152493
0.198085
0.214171
0.112621
0.22843
0.168651
0.235699
0.146525
0.197826
0.202018
0.219095
0.13613
0.191444
0.0689325
0.115945
0.182131
0.224938
0.193922
0.126077
0.185654
0.100412
0.221968
0.23035
0.0352864
0.193311
0.196677
0.0307549
0.22102
0.119618
0.0433342
0.133992
0.0637614
0.211331
0.0822141
0.183916
0.0430899
0.125851
0.258411
0.169273
0.201917
0.0137724
0.0326552
0.0410238
0.212917
0.139583
0.197408
0.159865
0.0602338
0.0319571
0.180591
0.0222182
0.183138
0.026418
0.160685
0.152404
0.00170629
0.209883
0.0681245
0.25779
0.222604
0.0462118
0.0908277
0.0416589
0.194833
0.218514
0.17188
0.220306
0.232484
0.0242418
0.0230059
0.0829271
0.180261
0.203489
0.188088
0.17603
0.202761
0.118774
0.01158
0.191942
0.155958
0.177481
0.161622
0.221997
0.183867
0.19365
0.188645
0.221889
0.231271
0.191648
0.224755
0.193102
0.162507
0.105422
0.202457
0.00368665
0.206632
0.190548
0.126898
0.236171
0.00583176
0.178431
0.00775434
0.178376
0.183287
0.197897
0.214477
0.154664
0.214463
0.193195
0.188931
0.210946
0.194856
0.210721
0.193749
0.167708
0.194815
0.163251
0.245562
0.183648
0.00661463
0.204555
0.0322738
0.208844
0.191212
0.141603
0.201743
0.197349
0.204035
0.0330642
0.205746
0.222129
0.00904944
0.0302513
0.160138
0.208791
0.157713
0.246844
0.203016
0.183088
0.204883
0.196614
0.181992
0.219074
0.19257
0.0031081
0.0793242
0.208403
0.0422693
0.0054152
0.183425
0.121016
0.229293
0.224118
0.00837443
0.130373
0.187105
0.200955
0.0914055
0.224581
0.185918
0.0185778
0.181264
0.0363454
0.20895
0.00270356
0.15888
0.234351
0.166437
0.188957
0.117301
0.0671711
0.159145
0.2349
0.20059
0.0573811
0.239279
0.182091
0.0281047
0.226295
0.222378
0.18413
0.207082
0.181693
0.164783
0.191568
0.178014
0.205927
0.0307569
0.144834
0.214996
0.228309
0.188415
0.222601
0.211347
0.194517
0.167583
0.206925
0.165824
0.160157
0.126024
0.21763
0.232203
0.145756
0.110057
0.00517374
0.193614
0.213136
0.150092
0.220616
0.149474
0.0837796
0.180093
0.19406
0.0176593
0.164922
0.0574026
0.0650222
0.228435
0.0693072
0.0110061
0.211218
0.000808938
0.216417
0.0662216
0.192077
0.0309229
0.000291863
0.0359004
0.172617
0.0993125
0.197302
0.145138
0.0389679
0.176481
0.109594
0.22877
0.206278
0.12276
0.0147467
0.239485
0.0173147
0.121717
0.000895287
0.187826
0.00867294
0.000611014
0.171078
0.14916
0.0708519
0.1638
0.152615
0.00613948
0.200537
0.0336179
0.187408
0.0191573
0.00142886
0.0558299
0.212771
0.0542083
0.235207
0.217525
0.0358059
0.171136
0.182734
0.178656
0.256749
0.0757164
0.207806
0.0892571
0.147117
0.0990857
0.211796
0.182238
0.0967372
0.178834
0.139851
0.154404
0.123614
0.128671
0.228728
0.224794
0.209934
0.216048
0.224723
0.188282
0.214049
0.202512
0.220738
0.177326
0.164815
0.143162
0.174527
0.20144
0.213821
0.0948342
0.22378
0.209686
0.174648
0.181909
0.156781
0.058931
0.185029
0.196347
0.183463
0.0854653
0.186799
0.146398
0.220051
0.183601
0.162607
0.179266
0.223646
0.180235
0.205877
0.0225686
0.227169
0.21881
0.100086
0.212683
0.207264
0.0599573
0.203429
0.204318
0.0981926
0.0691189
0.190203
0.195744
0.2069
0.176237
0.210626
0.192178
0.0504587
0.190655
0.0715438
0.0384759
0.212077
0.186702
0.202741
0.237593
0.122153
0.211688
0.163876
0.129945
0.038627
0.217975
0.178247
0.180707
0.0556399
0.0048081
0.189813
0.0337739
0.211221
0.0540318
0.218861
0.0555579
0.209727
0.0861872
0.224578
0.0653157
0.212227
0.183236
0.182718
0.15332
0.210869
0.121138
0.19515
0.111142
0.0385851
0.0686629
0.132282
0.135619
0.142201
0.173681
0.135015
0.187399
0.168173
0.0295117
0.211477
0.157861
0.179333
0.203928
0.195718
0.226941
0.168176
0.000160858
0.224214
0.231745
0.202172
0.164009
0.192285
0.23125
0.165844
0.209223
0.16366
0.211925
0.0574451
0.220392
0.0390656
0.130233
0.0151069
0.176066
0.236163
0.203615
0.013116
0.215339
0.227591
0.198274
0.185314
0.026746
0.193818
0.0787843
0.0808106
0.124538
0.192709
0.202954
0.00876946
0.154292
0.154236
0.222501
0.212047
0.195648
0.188513
0.113767
0.201091
0.14094
0.183259
0.212489
0.0174864
0.0107171
0.0900116
0.0760669
0.214505
0.11131
0.209681
0.014411
0.0413366
0.162204
0.0323974
0.205079
0.117024
0.0969801
0.10503
0.111165
0.00874911
0.0207384
0.204393
0.0684002
0.184384
0.189325
0.177914
0.210827
0.175726
0.181509
0.24093
0.0351249
0.198717
0.0491486
0.0422103
0.0412653
0.0135041
0.132023
0.21879
0.223667
0.0345411
0.19325
0.0220121
0.217557
0.217755
0.212178
0.0717246
0.201879
0.0965835
0.0215728
0.195887
0.0137694
0.029698
0.179533
0.134673
0.184725
0.226007
0.256205
0.170103
0.215461
0.184485
0.237052
0.127807
0.195197
0.167122
0.225544
0.1237
0.213237
0.207016
0.191261
0.191503
0.193936
0.0398611
0.15192
0.190645
0.246884
0.216875
0.226312
0.175995
0.21168
0.0104764
0.126145
0.0527476
0.201296
0.195211
0.195125
0.218796
0.019208
0.222802
0.197115
0.077148
0.235108
0.0920278
0.0902815
0.112286
0.0720974
0.134667
0.208291
0.189881
0.214521
0.0105732
0.0911453
0.208222
0.117304
0.0335434
0.136176
0.163908
0.0372996
0.0562758
0.202208
0.178886
0.0335525
0.166424
0.225789
0.199507
0.144521
0.188917
0.154202
0.038963
0.0259606
0.223995
0.227854
0.197825
0.214528
0.00564574
0.205841
0.216188
0.0768479
0.0957323
0.235043
0.193096
0.21398
0.139129
0.0579202
0.0288192
0.211434
0.2049
0.228807
0.0808152
0.206519
0.0356122
0.043906
0.0603525
0.162932
0.080589
0.0909385
0.223238
0.0927817
0.182153
0.158888
0.255264
0.195266
0.179512
0.151162
0.192752
0.217745
0.172231
0.203743
0.192053
0.211352
0.210561
0.228149
0.183874
0.233048
0.183337
0.158289
0.156859
0.158546
0.207763
0.155815
0.173717
0.187425
0.237038
0.00289454
0.233369
0.219368
0.180212
0.199976
0.0194911
0.196259
0.187958
0.00252698
0.231185
0.223963
0.0968065
0.192826
0.20408
0.144545
0.112646
0.222053
0.194781
0.219088
0.185163
0.166927
0.221484
0.219912
0.170099
0.227898
0.109951
0.0485184
0.197073
0.00793661
0.215118
0.137672
0.209389
0.21235
0.0177578
0.0751385
0.0959736
0.214594
0.00589052
0.0475831
0.21715
0.197097
0.029057
0.21959
0.258275
0.225474
0.0201702
0.21588
0.196237
0.0102007
0.171824
0.0691388
0.233516
0.152502
0.00997546
0.0184314
0.00770955
0.126701
0.129761
0.00520861
0.129743
0.198631
0.214816
0.198
0.147671
0.0329789
0.180812
0.237282
0.0890346
0.179496
0.223943
0.194091
0.0692276
0.0177364
0.219336
0.156276
0.216694
0.00960308
0.0722193
0.217928
0.112349
0.159283
0.174115
0.172249
0.20649
0.171137
0.12746
0.162261
0.18544
0.209203
0.191001
0.242426
0.183211
0.225578
0.165833
0.197782
0.0202894
0.209311
0.21383
0.188562
0.135301
0.089617
0.205959
0.216992
0.170624
0.209457
0.158838
0.190783
0.184343
0.0516781
0.0455256
0.228424
0.212477
0.0542164
0.0727709
0.177007
0.227749
0.212021
0.214292
0.201954
0.195429
0.211132
0.209999
0.0519286
0.031739
0.165459
0.212312
0.0326168
0.169418
0.239331
0.173754
0.159314
0.189787
0.0299823
0.108669
0.224465
0.115489
0.0818886
0.0178337
0.212227
0.186924
0.150659
0.221955
0.186527
0.198273
0.0589088
0.151578
0.0671367
0.0048741
0.112535
0.130772
0.0949834
0.182302
0.0536736
0.0186826
0.00131706
0.186582
0.171587
0.0393329
0.200851
0.0514382
0.185506
0.0149167
0.205123
0.0126366
0.0316175
0.242555
0.13273
0.0225555
0.22158
0.164323
0.223205
0.0699098
0.177655
0.135351
0.204241
0.0210026
0.1084
0.168078
0.0182384
0.138606
0.209304
0.158375
0.171051
0.229251
0.199733
0.193505
0.209254
0.241099
0.189913
0.176384
0.175935
0.157452
0.255398
0.219621
0.222719
0.0897315
0.194842
0.190434
0.197106
0.17973
0.168028
0.0918437
0.223501
0.196966
0.146025
0.217458
0.204246
0.156396
0.163912
0.00771206
0.000286
0.185076
0.131547
0.19645
0.23788
0.145773
0.108537
0.0176597
0.0579799
0.166818
0.195454
0.179098
0.174098
0.0345866
0.22816
0.00660316
0.0597073
0.202085
0.201455
0.183973
0.166914
0.194448
0.0306576
0.00400043
0.0759968
0.239299
0.204529
0.042854
0.00136747
0.143133
0.0546311
0.060278
0.123414
0.213923
0.0173297
0.188928
0.00980054
0.203576
0.0352089
0.0374177
0.10304
0.00211447
0.0641109
0.12938
0.11233
0.120587
0.238736
0.223052
0.0563648
0.102303
0.231197
0.154441
0.000918533
0.209815
0.0242365
0.123511
0.223688
0.0578073
0.180127
0.238396
0.185642
0.155191
0.0629497
0.0456953
0.177502
0.042666
0.219686
0.144129
0.164719
0.162365
0.220408
0.194133
0.187087
0.232804
0.166788
0.131897
0.194262
0.229591
0.207543
0.223018
0.136481
0.174968
0.210468
0.197682
0.126632
0.208518
0.184905
0.200132
0.237237
0.0155428
0.226504
0.1598
0.145449
0.138208
0.19563
0.157933
0.204456
0.191244
0.0981746
0.182066
0.228254
0.226378
0.225125
0.191745
0.197587
0.185863
0.181785
0.177253
0.209209
0.217635
0.197777
0.197006
0.201417
0.0787997
0.139485
0.0249819
0.166263
0.220801
0.0527572
0.217494
0.0861637
0.207418
0.195905
0.131525
0.00939977
0.236012
0.142989
0.202607
0.218027
0.210091
0.204274
0.0128727
0.0452816
0.216042
0.014725
0.160598
0.234973
0.00705492
0.220812
0.0132033
0.222021
0.0209809
0.203846
0.0789398
0.231089
0.0700268
0.00846838
0.198748
0.0489811
0.00907836
0.0213652
0.00513001
0.200824
0.196094
0.0149026
0.200902
0.06542
0.121458
0.0392659
0.17148
0.00732091
0.0667537
0.231958
0.0893671
0.248704
0.147203
0.161372
0.0301387
0.170378
0.171716
0.0885461
0.157744
0.193626
0.0456737
0.182126
0.210128
0.120508
0.188121
0.205572
0.194161
0.172991
0.149973
0.152633
0.18292
0.155584
0.239077
0.197288
0.117738
0.212285
0.0185934
0.0745883
0.254349
0.0620355
0.20758
0.0544473
0.0505016
0.118764
0.201902
0.0090533
0.1942
0.207004
0.0406901
0.232934
0.23453
0.207811
0.0140033
0.206073
0.224415
0.013075
0.211672
0.203573
0.201359
0.145766
0.0646717
0.213106
0.164863
0.185374
0.194406
0.0655313
0.23309
0.0831253
0.187145
0.0447322
0.0112412
0.232695
0.238589
0.135479
0.119627
0.132325
0.0431316
0.22534
0.232952
0.00837021
0.0401744
0.214481
0.113669
0.140344
0.211633
0.156415
0.198416
0.184903
0.144053
0.0335123
0.000518318
0.220348
0.145324
0.159791
0.223937
0.113448
0.0515255
0.223079
0.00870359
0.0226141
0.0386475
0.179136
0.121639
0.215629
0.158814
0.164822
0.00148308
0.00647808
0.224725
0.0182278
0.152284
0.169409
0.239347
0.212636
0.239147
0.232741
0.0175741
0.131045
0.247039
0.185256
0.219687
0.203461
0.210764
0.225247
0.20709
0.147924
0.199999
0.225581
0.205648
0.190549
0.179462
0.243261
0.194045
0.163158
0.066177
0.190072
0.217655
0.135453
0.0580069
0.22591
0.164499
0.211822
0.193342
0.0512879
0.11872
0.123944
0.175936
0.211234
0.180043
0.169827
0.215892
0.130665
0.092565
0.111722
0.199318
0.204305
0.0742017
0.181746
0.158862
0.187275
0.0853987
0.245721
0.0243811
0.217833
0.220764
0.156885
0.195769
0.177833
0.224358
0.22545
0.252092
0.206582
0.215587
0.213403
0.169911
0.0200203
0.196611
0.177901
0.125417
0.0128494
0.115581
0.24803
0.218722
0.172205
0.166657
0.17794
0.0448557
0.187266
0.189877
0.0281546
0.0140624
0.178457
0.234893
0.0761614
0.205219
0.232143
0.0676963
0.172676
0.212323
0.186106
0.17899
0.188691
0.112284
0.209181
0.0561693
0.175072
0.077236
0.0720913
0.206888
0.177038
0.242154
0.189805
0.199648
0.218806
0.0776525
0.192606
0.215057
0.0354629
0.156632
0.0796493
0.197731
0.181157
0.161813
0.226896
0.193085
0.193638
0.214486
0.178584
0.206642
0.20412
0.183294
0.158299
0.162092
0.11273
0.193059
0.227851
0.253958
0.190904
0.221558
0.133283
0.228869
0.219723
0.221404
0.204309
0.179153
0.156622
0.0156264
0.161468
0.172304
0.185027
0.19277
0.218198
0.209071
0.130184
0.23062
0.131137
0.173329
0.203356
0.148444
0.162735
0.0152494
0.225549
0.0793876
0.0309726
0.186126
0.195758
0.218948
0.0380875
0.252698
0.0786365
0.221394
0.102789
0.0133978
0.231428
0.219894
0.150006
0.200192
0.0101087
0.144733
0.206044
0.026807
0.0332049
0.157012
0.0924352
0.223212
0.0262586
0.17303
0.245919
0.215195
0.199508
0.0811801
0.214465
0.237823
0.0561651
0.118756
0.186007
0.174045
0.175086
0.0406342
0.0202204
0.212689
0.215648
0.210686
0.199092
0.176023
0.191871
0.217415
0.189105
0.201325
0.0734217
0.217429
0.0416862
0.199922
0.00562838
0.161119
0.197686
0.14508
0.0449725
0.210512
0.215324
0.186909
0.233308
0.175842
0.175723
0.221728
0.215756
0.153545
0.199605
0.104505
0.217103
0.0599802
0.200311
0.127364
0.175786
0.0772665
0.112144
0.185363
0.089095
0.0107359
0.165602
0.100144
0.170739
0.239132
0.19044
0.189838
0.138505
0.227127
0.0920629
0.16336
0.208904
0.232206
0.0244788
0.0345731
0.0612288
0.235037
0.21612
0.201572
0.236832
0.0308376
0.049478
0.238277
0.108159
0.111537
0.245003
0.196857
0.197247
0.109574
0.203474
0.230404
0.142997
0.0604254
0.156597
0.178627
0.0766936
0.238444
0.114792
0.131279
0.0467682
0.243989
0.219853
0.162948
0.0157189
0.123342
0.202667
0.20374
0.0153473
0.0296661
0.190921
0.190478
0.196802
0.0261362
0.0544161
0.156297
0.199615
0.0348619
0.00317202
0.238402
0.21452
0.210921
0.161341
0.063116
0.0806583
0.168924
0.137788
8.38172e-05
0.241251
0.219507
0.0233313
0.162475
0.190848
0.00273127
0.219232
0.210674
0.219589
0.196093
0.167612
0.16283
0.211178
0.170208
0.20222
0.172129
0.188844
0.189401
0.200605
0.191083
0.20992
0.2439
0.198571
0.2201
0.140317
0.213519
0.170173
0.103607
0.231062
0.177408
0.235089
0.212295
0.0148568
0.221728
0.201036
0.23871
0.222284
0.208233
0.116912
0.183723
0.0213687
0.219218
0.0565793
0.112655
0.213342
0.0773868
0.0787411
0.152268
0.0124885
0.233318
0.0778583
0.168235
0.210463
0.246629
0.180896
0.206641
0.244845
0.00218723
0.10515
0.144337
0.178294
0.152522
0.217931
0.0383057
0.122013
0.0144899
0.169636
0.008517
0.052235
0.0665963
0.228969
0.171619
0.220804
0.226683
0.0880261
0.00836206
0.238434
0.215795
0.201222
0.196528
0.0131743
0.243631
0.130092
0.193792
0.0491983
0.218725
0.192275
0.163322
0.179215
0.227042
0.118344
0.00151834
0.0737396
0.227479
0.233776
0.0386614
0.226227
0.0481844
0.0372829
0.114539
0.190446
0.258524
0.176308
0.0193716
0.172567
0.19181
0.190546
0.208094
0.232529
0.239417
0.222078
0.200078
0.191283
0.2273
0.219973
0.184408
0.231762
0.238046
0.219839
0.218659
0.213612
0.206157
0.18914
0.224605
0.222829
0.0163019
0.175005
0.160388
0.00619935
0.227337
0.163021
0.250908
0.239387
0.190794
0.0126666
0.209605
0.212182
0.213327
0.111345
0.215398
0.185049
0.212312
0.159201
0.224048
0.213928
0.191918
0.0100704
0.195886
0.233862
0.0338295
0.143687
0.114842
0.184368
0.0324137
0.00607626
0.140495
0.206259
0.193327
0.207437
0.00773799
0.00974109
0.210284
0.183314
0.205351
0.124415
0.0463301
0.0322503
0.220953
0.166743
0.200315
0.202889
0.152086
0.227892
0.105646
0.206049
0.0222617
0.0408493
0.202275
0.156499
0.0692352
0.182079
0.210838
0.212724
0.202826
0.22916
0.12623
0.122973
0.190968
0.222441
0.000469905
0.220792
0.0555742
0.08507
0.0879362
0.0805452
0.22778
0.138799
0.209896
0.218185
0.232583
0.127545
0.0551799
0.194482
0.222242
0.0985542
0.19695
0.226621
0.105396
0.209431
0.215805
0.188273
0.0679622
0.0774816
0.145022
0.204705
0.195242
0.202548
0.260735
0.171134
0.210587
0.194517
0.193473
0.164638
0.162583
0.222903
0.0745088
0.224275
0.234306
0.217615
0.202867
0.252249
0.185221
0.157567
0.214347
0.217094
0.183321
0.213827
0.248032
0.144041
0.203624
0.12924
0.217619
0.22266
0.19459
0.200152
0.166532
0.0660161
0.159821
0.190625
0.138721
0.217305
0.228297
0.0165969
0.215308
0.0607589
0.189744
0.192522
0.227394
0.118565
0.104186
0.150865
0.1547
0.165085
0.130163
0.201932
0.214739
0.237271
0.232235
0.0555593
0.196434
0.213985
0.233889
0.207963
0.0577122
0.239172
0.0889302
0.201195
0.239206
0.248271
0.076057
0.0567458
0.0108969
0.0996701
0.00496753
0.0382188
0.109117
0.193117
0.194151
0.0553614
0.0655894
0.0651287
0.0293356
0.18109
0.236572
0.126461
0.190249
0.171498
0.223454
0.0525056
0.190219
0.23329
0.237814
0.20387
0.153802
0.0979338
0.224945
0.226063
0.0381622
0.176952
0.0107525
0.237271
0.000658896
0.230648
0.190184
0.192879
0.222494
0.177803
0.186
0.0335865
0.192676
0.212441
0.186075
0.0112002
0.1871
0.113909
0.209522
0.00354283
0.233104
0.124911
0.0878157
0.109247
0.230801
0.0300809
0.0634769
0.146176
0.212876
0.172363
0.224101
0.0971943
0.0756499
0.198813
0.0799093
0.174284
0.193271
0.197015
0.214587
0.201813
0.167892
0.211156
0.173753
0.216791
0.230826
0.205553
0.084161
0.209377
0.231305
0.190863
0.259198
0.222885
0.101273
0.184406
0.214306
0.00834179