0
0.144723
0.16488
0.16488
0.176116
0.176116
0.176116
0.176116
0.189935
0.189935
0.189935
0.192942
0.205011
0.205011
0.205011
0.219542
0.219542
0.223973
0.224656
0.224656
0.224656
0.224656
0.224656
0.234654
0.234654
0.234654
0.234654
0.234654
0.234654
0.234654
0.234654
0.234654
0.242235
0.242235
0.242235
0.242235
0.242235
0.242235
0.242235
0.242235
0.242235
0.242235
0.242235
0.242235
0.242235
0.242235
0.242235
0.242235
0.242235
0.242235
0.242235
0.242235
0.242235
0.242235
0.242235
0.242235
0.242235
0.242235
0.242235
0.242235
0.242235
0.242235
0.242235
0.242235
0.242235
0.242235
0.242235
0.242235
0.242235
0.242235
0.242235
0.242235
0.242235
0.242235
0.258374
0.258374
0.258374
0.258374
0.258374
0.258374
0.258374
0.258374
0.258374
0.258374
0.258374
0.258374
0.258374
0.258374
0.258374
0.258374
0.258374
0.258374
0.258374
0.258374
0.258374
0.258374
0.258374
0.258374
0.258374
0.258374