0
0.209088
0.209088
0.209088
0.209088
0.209088
0.210041
0.210041
0.210041
0.210041
0.212107
0.212107
0.216189
0.216189
0.216189
0.216189
0.220901
0.220901
0.221679
0.223915
0.223915
0.226276
0.226276
0.226276
0.226276
0.226276
0.226276
0.226276
0.226276
0.226276
0.226276
0.232873
0.232873
0.232873
0.232873
0.232873
0.232873
0.232873
0.232873
0.233287
0.236291
0.236291
0.236291
0.236291
0.236291
0.236291
0.246129
0.246129
0.246129
0.246129
0.246129
0.246129
0.246129
0.246129
0.246129
0.246129
0.246129
0.246129
0.246129
0.246129
0.246129
0.246129
0.246129
0.246129
0.246129
0.246129
0.246129
0.246129
0.246129
0.246129
0.246129
0.246129
0.246129
0.246129
0.246129
0.246129
0.246129
0.246129
0.246129
0.246129
0.246129
0.246129
0.246129
0.246129
0.246129
0.24992
0.24992
0.24992
0.24992
0.24992
0.24992
0.24992
0.24992
0.24992
0.24992
0.24992
0.24992
0.24992
0.24992
0.24992