0
0.12679
0.12679
0.143462
0.143462
0.145256
0.157513
0.157513
0.159399
0.165823
0.167548
0.167548
0.219252
0.219252
0.219252
0.219252
0.219252
0.219252
0.219252
0.229922
0.229922
0.229922
0.229922
0.229922
0.229922
0.229922
0.229922
0.229922
0.229922
0.229922
0.229922
0.229922
0.229922
0.229922
0.229922
0.229922
0.229922
0.229922
0.229922
0.229922
0.229922
0.229922
0.229922
0.229922
0.229922
0.229922
0.229922
0.229922
0.229922
0.229922
0.229922
0.233459
0.233459
0.233459
0.233459
0.233459
0.233459
0.242616
0.242616
0.242616
0.242616
0.242616
0.242616
0.242616
0.242616
0.242616
0.242616
0.242616
0.242616
0.242616
0.242616
0.242616
0.242616
0.242616
0.242616
0.244175
0.250104
0.250104
0.250104
0.250104
0.251831
0.251831
0.251831
0.252411
0.252411
0.252411
0.252411
0.252411
0.252411
0.252411
0.252411
0.252411
0.252411
0.252411
0.252411
0.252411
0.257903
0.257903
0.257903
0.26332